4.500,30,135,65
B0,mixamorig_Hips,-1,0.9913777112960815,0.11086390912532806,-0.06985072791576385,0,0.05323025956749916,0.14636842906475067,0.987796425819397,0,0.11973438411951065,-0.9829986095428467,0.1392054259777069,0,0.03439930081367493,1.1371153593063354,-0.04166504368185997,1
B1,mixamorig_Spine,0,0.9982581734657288,0.05279698595404625,0.02632845751941204,0,-0.05237177014350891,0.9984893798828125,-0.016611585393548012,0,-0.027165450155735016,0.01520439051091671,0.9995157122612,0,0,0.10899599641561508,-0.00203399988822639,1
B2,mixamorig_Spine1,1,0.9978281259536743,-0.01304065715521574,0.06456094980239868,0,0.012797106057405472,0.9999090433120728,0.0041829561814665794,0,-0.0646088570356369,-0.0033470727503299713,0.9979050755500793,0,0,0.12718400359153748,0,1
B3,mixamorig_Spine2,2,0.9978311061859131,-0.013086589053273201,0.06451190263032913,0,0.012865043245255947,0.9999100565910339,0.003847954561933875,0,-0.06455681473016739,-0.0030090748332440853,0.9979090690612793,0,0,0.14535300433635712,0,1
B4,mixamorig_Neck,3,0.9981156587600708,-0.05846988409757614,0.018603065982460976,0,0.06099283695220947,0.978512704372406,-0.1969602108001709,0,-0.006687595508992672,0.19772352278232574,0.9802348017692566,0,0,0.16352200508117676,0,1
B5,mixamorig_Head,4,0.9539465308189392,0.25190165638923645,0.16288277506828308,0,-0.2700059115886688,0.9576137661933899,0.10036047548055649,0,-0.13069774210453033,-0.13971839845180511,0.9815280437469482,0,0,0.04902400076389313,0.01296200044453144,1
B6,mixamorig_HeadTop_End,5,1,0,0,0,0,1,0,0,0,0,1,0,0,0.26876300573349,0.07106400281190872,1
B7,mixamorig_LeftShoulder,3,0.15737269818782806,0.03888735547661781,-0.9867731928825378,0,0.9423892498016357,-0.3045927882194519,0.13829104602336884,0,-0.295185923576355,-0.9516884088516235,-0.08458123356103897,0,0.07461100071668625,0.13738399744033813,-0.000965000013820827,1
B8,mixamorig_LeftArm,7,0.8937581181526184,-0.11994427442550659,0.4322057366371155,0,-0.039827026426792145,0.9385534524917603,0.34281492233276367,0,-0.44677314162254333,-0.323605477809906,0.8340660929679871,0,0,0.16720600426197052,0,1
B9,mixamorig_LeftForeArm,8,0.5596862435340881,0.828589677810669,0.013707608915865421,0,-0.8287026882171631,0.5596362352371216,0.007653729524463415,0,-0.0013297974364832044,-0.015643445774912834,0.9998769760131836,0,0,0.23836000263690948,0,1
B10,mixamorig_LeftHand,9,0.9568758606910706,0.19029644131660461,0.21948610246181488,0,-0.09150094538927078,0.9145408868789673,-0.39400777220726013,0,-0.2757068872451782,0.35693374276161194,0.8925149440765381,0,0,0.25811898708343506,0,1
B11,mixamorig_LeftHandThumb1,10,0.8392279744148254,0.537194013595581,0.08437599986791611,0,-0.5243380069732666,0.7583019733428955,0.38735899329185486,0,0.14410400390625,-0.3693239986896515,0.9180600047111511,0,-0.020540999248623848,0.04834600165486336,0.025644000619649887,1
B12,mixamorig_LeftHandThumb2,11,0.9851869940757751,0.16462600231170654,-0.047999002039432526,0,-0.16347800195217133,0.9861779808998108,0.02696400135755539,0,0.0517750009894371,-0.018718000501394272,0.9984830021858215,0,-0.007488999981433153,0.046160001307725906,0,1
B13,mixamorig_LeftHandThumb3,12,0.9796649813652039,0.20064200460910797,0.00017100000695791095,0,-0.2003760039806366,0.978410005569458,-0.050631001591682434,0,-0.010325999930500984,0.049566999077796936,0.9987170100212097,0,0.0005489999894052744,0.040824998170137405,0,1
B14,mixamorig_LeftHandThumb4,13,1,0,0,0,0,1,0,0,0,0,1,0,0.006938999984413385,0.028999999165534973,0,1
B15,mixamorig_LeftHandIndex1,10,0.9086210131645203,0.4175971746444702,-0.004459467250853777,0,-0.4176214337348938,0.9085750579833984,-0.009066144935786724,0,0.00026589035405777395,0.0101002287119627,0.9999480247497559,0,-0.04424599930644035,0.1472180038690567,0.00017299999308306724,1
B16,mixamorig_LeftHandIndex2,15,0.9986910223960876,-0.05105127394199371,-0.003205041866749525,0,0.05060826614499092,0.9770076274871826,0.20710867643356323,0,-0.007442101836204529,-0.20699968934059143,0.9783126711845398,0,0.000914999982342124,0.03385800123214722,0,1
B17,mixamorig_LeftHandIndex3,16,0.9988970160484314,-0.04671914130449295,0.004678967874497175,0,0.04684014245867729,0.9984359741210938,-0.03050413727760315,0,-0.0032470040023326874,0.030690137296915054,0.9995239973068237,0,0.0002629999944474548,0.03216300159692764,0,1
B18,mixamorig_LeftHandIndex4,17,1,0,0,0,0,1,0,0,0,0,1,0,-0.0011780000058934093,0.028209999203681946,0,1
B19,mixamorig_LeftHandMiddle1,10,0.9931560754776001,0.11354939639568329,0.02735569141805172,0,-0.11157776415348053,0.9916136860847473,-0.06520339101552963,0,-0.03453046455979347,0.061704836785793304,0.9974965453147888,0,-0.01765199936926365,0.15358099341392517,-0.005472999997437,1
B20,mixamorig_LeftHandMiddle2,19,0.99577397108078,-0.09113629907369614,-0.011330085806548595,0,0.09150829911231995,0.9741756319999695,0.20641566812992096,0,-0.007774136494845152,-0.20658066868782043,0.9783986210823059,0,0.0014700000174343586,0.036077000200748444,0,1
B21,mixamorig_LeftHandMiddle3,20,0.9997130036354065,-0.02318016067147255,0.006054969970136881,0,0.023353155702352524,0.9992660284042358,-0.030352141708135605,0,-0.005346985999494791,0.030485140159726143,0.999521017074585,0,-0.0003819999983534217,0.03215499967336655,0,1
B22,mixamorig_LeftHandMiddle4,21,1,0,0,0,0,1,0,0,0,0,1,0,-0.001088000019080937,0.026607999578118324,0,1
B23,mixamorig_LeftHandRing1,10,0.9924580454826355,-0.11183713376522064,0.050193917006254196,0,0.11830142140388489,0.9811014533042908,-0.15311604738235474,0,-0.032121554017066956,0.15789909660816193,0.9869323372840881,0,0.01547900028526783,0.1349409967660904,-0.0054870001040399075,1
B24,mixamorig_LeftHandRing2,23,0.9950760006904602,-0.09804928302764893,-0.014474081806838512,0,0.0989212840795517,0.9734606146812439,0.20636968314647675,0,-0.006144150625914335,-0.2067856639623642,0.9783666133880615,0,0.0018189999973401427,0.035353001207113266,0,1
B25,mixamorig_LeftHandRing3,24,0.999330997467041,-0.034957155585289,0.010710960254073143,0,0.03526514396071434,0.9989240169525146,-0.030109139159321785,0,-0.009646985679864883,0.030467137694358826,0.9994890093803406,0,-0.0003870000073220581,0.03255999833345413,0,1
B26,mixamorig_LeftHandRing4,25,1,0,0,0,0,1,0,0,0,0,1,0,-0.0014319999609142542,0.026468999683856964,0,1
B27,mixamorig_LeftHandPinky1,10,0.9389371871948242,-0.32508090138435364,0.11277777701616287,0,0.3410724699497223,0.9225944876670837,-0.18024568259716034,0,-0.04545358568429947,0.20770405232906342,0.9771351218223572,0,0.04642000049352646,0.1258080005645752,-0.0026579999830573797,1
B28,mixamorig_LeftHandPinky2,27,0.9969969987869263,-0.07570532709360123,-0.016303161159157753,0,0.07743734866380692,0.972549557685852,0.21943165361881256,0,-0.0007570461020804942,-0.22003567218780518,0.9754916429519653,0,0.001353000057861209,0.026142999529838562,0,1
B29,mixamorig_LeftHandPinky3,28,0.9992600083351135,0.03772582858800888,-0.007551009766757488,0,-0.03793982416391373,0.9988120794296265,-0.030580144375562668,0,0.006388048175722361,0.03084314614534378,0.999504029750824,0,-0.0010969999711960554,0.02173599973320961,0,1
B30,mixamorig_LeftHandPinky4,29,1,0,0,0,0,1,0,0,0,0,1,0,-0.00025499999173916876,0.0157919991761446,0,1
B31,mixamorig_RightShoulder,3,-0.28931725025177,0.03366601839661598,0.9566394090652466,0,-0.9292603135108948,-0.2497037947177887,-0.2722487151622772,0,0.22971005737781525,-0.9677367806434631,0.10352953523397446,0,-0.07461100071668625,0.13736599683761597,-0.000011000000085914508,1
B32,mixamorig_RightArm,31,0.21014495193958282,-0.6172672510147095,-0.7581667900085449,0,0.2210541069507599,0.7854018807411194,-0.5781676769256592,0,0.952350378036499,-0.04609636217355728,0.30149737000465393,0,0,0.16720600426197052,0,1
B33,mixamorig_RightForeArm,32,0.7319192886352539,-0.6813186407089233,-0.009811135940253735,0,0.6813646554946899,0.7319391965866089,0.0020051421597599983,0,0.00581444101408124,-0.008152580820024014,0.9999499917030334,0,0,0.23839199542999268,0,1
B34,mixamorig_RightHand,33,0.8587247729301453,0.12806661427021027,-0.4961760938167572,0,-0.29686856269836426,0.9135600924491882,-0.2779885530471802,0,0.417685329914093,0.38601410388946533,0.8225152492523193,0,0,0.25738200545310974,0,1
B35,mixamorig_RightHandThumb1,34,0.7636770009994507,-0.6385030150413513,-0.09544800221920013,0,0.6197770237922668,0.6836820244789124,0.3852989971637726,0,-0.18075799942016602,-0.3534010052680969,0.9178419709205627,0,0.02006700076162815,0.048082999885082245,0.024203000590205193,1
B36,mixamorig_RightHandThumb2,35,0.9889219999313354,-0.13307499885559082,0.06575900316238403,0,0.13048100471496582,0.9905480146408081,0.04230999946594238,0,-0.07076799869537354,-0.033261001110076904,0.9969379901885986,0,0.004424999933689833,0.04574599862098694,0,1
B37,mixamorig_RightHandThumb3,36,0.9984840154647827,-0.05285000056028366,-0.015374000184237957,0,0.05214399844408035,0.9977070093154907,-0.043143000453710556,0,0.017619000747799873,0.04227599874138832,0.9989510178565979,0,-0.0018530000234022737,0.04073699936270714,0,1
B38,mixamorig_RightHandThumb4,37,1,0,0,0,0,1,0,0,0,0,1,0,-0.0025730000343173742,0.029347000643610954,0,1
B39,mixamorig_RightHandIndex1,34,0.8878079652786255,-0.4509202241897583,-0.092021644115448,0,0.4594741761684418,0.8571441769599915,0.2327820211648941,0,-0.026089906692504883,-0.24894694983959198,0.9681652784347534,0,0.044787999242544174,0.1549219936132431,-0.0005419999943114817,1
B40,mixamorig_RightHandIndex2,39,0.9964431524276733,0.08338885754346848,0.012135162018239498,0,-0.081122025847435,0.9102820158004761,0.4059617221355438,0,0.02280672825872898,-0.4055027365684509,0.9138098359107971,0,-0.000830999983008951,0.031470999121665955,0,1
B41,mixamorig_RightHandIndex3,40,0.9993590712547302,0.035077791661024094,-0.007102202624082565,0,-0.035580843687057495,0.9951803684234619,-0.09138324856758118,0,0.0038620580453425646,0.09157723933458328,0.9957903623580933,0,-0.0002479999966453761,0.029234999790787697,0,1
B42,mixamorig_RightHandIndex4,41,1,0,0,0,0,1,0,0,0,0,1,0,0.0010789999505504966,0.025373000651597977,0,1
B43,mixamorig_RightHandMiddle1,34,0.9800219535827637,-0.19786718487739563,-0.0201549232006073,0,0.19779518246650696,0.9589751958847046,0.20308494567871094,0,-0.020855896174907684,-0.20301394164562225,0.9789532423019409,0,0.018751999363303185,0.14293700456619263,-0.0017750000115484,1
B44,mixamorig_RightHandMiddle2,43,0.9909032583236694,0.13152123987674713,0.028494782745838165,0,-0.13171230256557465,0.9044141173362732,0.4058157205581665,0,0.027602480724453926,-0.4058777391910553,0.9135098457336426,0,-0.001702000037766993,0.03558500111103058,0,1
B45,mixamorig_RightHandMiddle3,44,0.9998679757118225,-0.01618207059800625,-0.001437078113667667,0,0.015982037410140038,0.9956513047218323,-0.09177426248788834,0,0.002915298566222191,0.09173925966024399,0.9957783222198486,0,0.0009889999637380242,0.03653400018811226,0,1
B46,mixamorig_RightHandMiddle4,45,1,0,0,0,0,1,0,0,0,0,1,0,0.0007130000158213079,0.02843100018799305,0,1
B47,mixamorig_RightHandRing1,34,0.999794065952301,-0.007201088592410088,-0.01898411475121975,0,0.010845966637134552,0.9798372387886047,0.19950389862060547,0,0.017164748162031174,-0.19966880977153778,0.9797132611274719,0,-0.01773500069975853,0.14327099919319153,-0.006347000133246183,1
B48,mixamorig_RightHandRing2,47,0.9906363487243652,0.13351067900657654,0.028543706983327866,0,-0.13362276554107666,0.9052411317825317,0.40334078669548035,0,0.028011314570903778,-0.40337783098220825,0.9146047830581665,0,-0.0013810000382363796,0.03184900060296059,0,1
B49,mixamorig_RightHandRing3,48,0.9999499917030334,0.004886601120233536,-0.008778156712651253,0,-0.005664683412760496,0.9958403706550598,-0.0909402146935463,0,0.008298244327306747,0.09098520129919052,0.9958173632621765,0,0.00047500000800937414,0.029610000550746918,0,1
B50,mixamorig_RightHandRing4,49,1,0,0,0,0,1,0,0,0,0,1,0,0.0009059999720193446,0.02285899966955185,0,1
B51,mixamorig_RightHandPinky1,34,0.9631059765815735,0.26690348982810974,0.034495171159505844,0,-0.2690827548503876,0.9527846574783325,0.1406974345445633,0,0.004686527419835329,-0.14478909969329834,0.9894514679908752,0,-0.04580499976873398,0.12299499660730362,-0.00072900002123788,1
B52,mixamorig_RightHandPinky2,51,0.9857344031333923,0.16434884071350098,0.03628454729914665,0,-0.16492591798305511,0.9002202153205872,0.40299180150032043,0,0.03356705978512764,-0.4032268524169922,0.9144837856292725,0,-0.001567999948747456,0.024880999699234962,0,1
B53,mixamorig_RightHandPinky3,52,0.9999949932098389,-0.0024873167276382446,-0.0018622042844071984,0,0.002307274378836155,0.9958213567733765,-0.09129822254180908,0,0.0020813446026295424,0.09129322320222855,0.9958223700523376,0,0.0007489999989047647,0.022631999105215073,0,1
B54,mixamorig_RightHandPinky4,53,1,0,0,0,0,1,0,0,0,0,1,0,0.0008190000080503523,0.017829999327659607,0,1
B55,mixamorig_LeftUpLeg,0,-0.8011219501495361,-0.29364168643951416,0.521514356136322,0,0.5904145240783691,-0.5304933786392212,0.6082621216773987,0,0.09804660826921463,0.7952024936676025,0.598360538482666,0,0.09794300049543381,-0.06040799990296364,0.011908999644219875,1
B56,mixamorig_LeftLeg,55,0.9942110776901245,-0.09821981936693192,0.043559059500694275,0,0.048984408378601074,0.05351640656590462,-0.9973605275154114,0,0.09562931209802628,0.993720531463623,0.05801812931895256,0,0,0.4777100086212158,0,1
B57,mixamorig_LeftFoot,56,0.9446072578430176,-0.11042341589927673,0.30907031893730164,0,-0.012473554350435734,0.9289430379867554,0.3700104057788849,0,-0.3279664218425751,-0.35336941480636597,0.8761091232299805,0,0,0.41556599736213684,0,1
B58,mixamorig_LeftToeBase,57,0.8913636803627014,-0.031965695321559906,0.45215946435928345,0,-0.2727672755718231,0.7588692903518677,0.5913678407669067,0,-0.362033486366272,-0.650458812713623,0.6677089333534241,0,0,0.23739400506019592,0,1
B59,mixamorig_LeftToe_End,58,1,0,0,0,0,1,0,0,0,0,1,0,0,0.0837239995598793,0,1
B60,mixamorig_RightUpLeg,0,-0.7282695770263672,0.4282834529876709,-0.5349735617637634,0,-0.6602527499198914,-0.6476030349731445,0.38036271929740906,0,-0.18354687094688416,0.6302242279052734,0.7544046640396118,0,-0.09794300049543381,-0.06040799990296364,0.010657000355422497,1
B61,mixamorig_RightLeg,60,0.9991793036460876,0.031934209167957306,-0.024909300729632378,0,-0.03977106139063835,0.657520055770874,-0.752386748790741,0,-0.007648668717592955,0.7527600526809692,0.6582505106925964,0,0,0.47771701216697693,0,1
B62,mixamorig_RightFoot,61,0.8929793834686279,0.28762325644493103,-0.3462064564228058,0,-0.019317949190735817,0.7929666638374329,0.6089571714401245,0,0.4496806263923645,-0.5370984673500061,0.7136605978012085,0,0,0.4149419963359833,0,1
B63,mixamorig_RightToeBase,62,0.9031383991241455,0.00036692997673526406,-0.4293491244316101,0,0.2607126533985138,0.794058084487915,0.549090564250946,0,0.34113019704818726,-0.6078415513038635,0.7170485854148865,0,0,0.23873400688171387,0,1
B64,mixamorig_RightToe_End,63,1,0,0,0,0,1,0,0,0,0,1,0,0,0.08404400199651718,0,1
@52,0,1,2,3,4,5,7,8,9,10,11,12,13,15,16,17,19,20,21,23,24,25,27,28,29,31,32,33,34,35,36,37,39,40,41,43,44,45,47,48,49,51,52,53,55,56,57,58,60,61,62,63
K0.000,0.9905319809913635,0.09988299757242203,-0.09417799860239029,0,0.07626800239086151,0.1700199991464615,0.9824849963188171,0,0.11414600163698196,-0.980364978313446,0.1607930064201355,0,0.041099999099969864,1.126438021659851,-0.05703499913215637,1,0.9977989792823792,0.06580100208520889,0.008200000040233135,0,-0.06570299714803696,0.9977710247039795,-0.011648000217974186,0,-0.008948000147938728,0.011083000339567661,0.9998990297317505,0,0,0.10899599641561508,-0.00203399988822639,1,0.9992610216140747,-0.011070000007748604,0.036802999675273895,0,0.010491999797523022,0.9998189806938171,0.015862999483942986,0,-0.03697200119495392,-0.015465999953448772,0.9991970062255859,0,0,0.12718400359153748,0,1,0.9992579817771912,-0.011123999953269958,0.036869000643491745,0,0.010552999563515186,0.9998220205307007,0.015641000121831894,0,-0.03703700006008148,-0.015239999629557133,0.9991980195045471,0,0,0.14535300433635712,0,1,0.9966440200805664,-0.08157999813556671,0.006787999998778105,0,0.08139000087976456,0.978600025177002,-0.1889909952878952,0,0.008775000460445881,0.18890899419784546,0.9819549918174744,0,0,0.16352200508117676,0,1,0.9590290188789368,0.2508690059185028,0.13163599371910095,0,-0.26532700657844543,0.9582170248031616,0.10687699913978577,0,-0.09932400286197662,-0.13742400705814362,0.9855200052261353,0,0,0.04902400076389313,0.01296200044453144,1,0.051148999482393265,0.02143700048327446,-0.9984610080718994,0,0.9354659914970398,-0.35110101103782654,0.040383998304605484,0,-0.34969499707221985,-0.9360920190811157,-0.038012001663446426,0,0.07461100071668625,0.13738399744033813,-0.000965000013820827,1,0.7757790088653564,-0.3600890040397644,0.5181729793548584,0,0.10177300125360489,0.8818380236625671,0.4604380130767822,0,-0.6227430105209351,-0.3044619858264923,0.7207589745521545,0,0,0.16720600426197052,0,1,0.46379899978637695,0.8858199715614319,0.014592999592423439,0,-0.8859410285949707,0.4637269973754883,0.008182999677956104,0,0.00048099999548867345,-0.0167239997535944,0.9998599886894226,0,0,0.23836000263690948,0,1,0.92985999584198,0.22983500361442566,0.2872920036315918,0,-0.1076430007815361,0.9166499972343445,-0.3849230110645294,0,-0.35181498527526855,0.3269999921321869,0.8770959973335266,0,0,0.25811898708343506,0,1,0.8392279744148254,0.537194013595581,0.08437599986791611,0,-0.5243380069732666,0.7583019733428955,0.38735899329185486,0,0.14410400390625,-0.3693239986896515,0.9180600047111511,0,-0.020540999248623848,0.04834600165486336,0.025644000619649887,1,0.9851869940757751,0.16462600231170654,-0.04799899831414223,0,-0.16347800195217133,0.9861779808998108,0.026964999735355377,0,0.0517750009894371,-0.01871900074183941,0.9984830021858215,0,-0.007488999981433153,0.046160001307725906,0,1,0.9796649813652039,0.20064200460910797,0.00017100000695791095,0,-0.2003760039806366,0.978410005569458,-0.050631001591682434,0,-0.010325999930500984,0.04956800118088722,0.9987170100212097,0,0.0005489999894052744,0.040824998170137405,0,1,0.9093440175056458,0.4160439968109131,-0.0009919999865815043,0,-0.4160430133342743,0.9093440175056458,0.0013670000480487943,0,0.001471000025048852,-0.0008299999753944576,0.9999989867210388,0,-0.04424599930644035,0.1472180038690567,0.00017299999308306724,1,0.9987019896507263,-0.05082999914884567,-0.0031709999311715364,0,0.05039399862289429,0.9773039817810059,0.20576100051403046,0,-0.00735899992287159,-0.20565299689769745,0.9785969853401184,0,0.000914999982342124,0.03385800123214722,0,1,0.9989020228385925,-0.04660400003194809,0.004705000203102827,0,0.04672800004482269,0.998420000076294,-0.031192999333143234,0,-0.003244000021368265,0.03137899935245514,0.9995020031929016,0,0.0002629999944474548,0.03216300159692764,0,1,0.9933840036392212,0.11151999980211258,0.027396999299526215,0,-0.10992100089788437,0.9924600124359131,-0.054228998720645905,0,-0.0332380011677742,0.0508590005338192,0.9981529712677002,0,-0.01765199936926365,0.15358099341392517,-0.005472999997437,1,0.9957969784736633,-0.09089600294828415,-0.011261999607086182,0,0.09126999974250793,0.974481999874115,0.2050739973783493,0,-0.007666000165045261,-0.20523999631404877,0.9786819815635681,0,0.0014700000174343586,0.036077000200748444,0,1,0.9997159838676453,-0.023050999268889427,0.0060800001956522465,0,0.023228999227285385,0.9992480278015137,-0.031038999557495117,0,-0.00535999983549118,0.031171999871730804,0.9994999766349792,0,-0.0003819999983534217,0.03215499967336655,0,1,0.9916080236434937,-0.12402399629354477,0.03648800030350685,0,0.1269720047712326,0.987405002117157,-0.09439200162887573,0,-0.02432199940085411,0.09823299944400787,0.9948660135269165,0,0.01547900028526783,0.1349409967660904,-0.0054870001040399075,1,0.9950990080833435,-0.09782300144433975,-0.014409000054001808,0,0.09869500249624252,0.9737679958343506,0.20502600073814392,0,-0.006025000009685755,-0.20544299483299255,0.9786509871482849,0,0.0018189999973401427,0.035353001207113266,0,1,0.999334990978241,-0.034832000732421875,0.010743999853730202,0,0.03514799848198891,0.9989079833030701,-0.030796999111771584,0,-0.009658999741077423,0.031153999269008636,0.9994680285453796,0,-0.0003870000073220581,0.03255999833345413,0,1,0.9363909959793091,-0.3401469886302948,0.08644700050354004,0,0.34898000955581665,0.9285470247268677,-0.1265449970960617,0,-0.03722599893808365,0.14866399765014648,0.9881870150566101,0,0.04642000049352646,0.1258080005645752,-0.0026579999830573797,1,0.9970189929008484,-0.07544499635696411,-0.016172999516129494,0,0.07715500146150589,0.9728710055351257,0.21810400485992432,0,-0.0007200000109151006,-0.21870100498199463,0.9757919907569885,0,0.001353000057861209,0.026142999529838562,0,1,0.9992539882659912,0.037863001227378845,-0.007542000152170658,0,-0.03808100149035454,0.9987850189208984,-0.03126399964094162,0,0.00634900014847517,0.03152700141072273,0.9994829893112183,0,-0.0010969999711960554,0.02173599973320961,0,1,-0.1995989978313446,0.02661300078034401,0.9795160293579102,0,-0.9584069848060608,-0.2134149968624115,-0.18949900567531586,0,0.20400099456310272,-0.9765989780426025,0.06810399889945984,0,-0.07461100071668625,0.13736599683761597,-0.000011000000085914508,1,0.262268990278244,-0.5936049818992615,-0.7608209848403931,0,0.2943359911441803,0.8000580072402954,-0.5227550268173218,0,0.9190109968185425,-0.08683499693870544,0.384550005197525,0,0,0.16720600426197052,0,1,0.7420399785041809,-0.6702839732170105,-0.009781000204384327,0,0.6703289747238159,0.7420610189437866,0.0019729998894035816,0,0.005936000030487776,-0.008019999600946903,0.9999499917030334,0,0,0.23839199542999268,0,1,0.9037820100784302,0.11790899932384491,-0.4114319980144501,0,-0.252238005399704,0.923354983329773,-0.289467990398407,0,0.34576699137687683,0.3653950095176697,0.864251971244812,0,0,0.25738200545310974,0,1,0.7636770009994507,-0.6385030150413513,-0.09544800221920013,0,0.6197770237922668,0.6836820244789124,0.3852989971637726,0,-0.18075799942016602,-0.3534010052680969,0.9178419709205627,0,0.02006700076162815,0.048082999885082245,0.024203000590205193,1,0.9889219999313354,-0.13307499885559082,0.06575900316238403,0,0.13048100471496582,0.9905480146408081,0.04230999946594238,0,-0.07076799869537354,-0.033261001110076904,0.9969379901885986,0,0.004424999933689833,0.04574599862098694,0,1,0.9984840154647827,-0.05285000056028366,-0.015374000184237957,0,0.05214399844408035,0.9977070093154907,-0.043143000453710556,0,0.017619000747799873,0.04227599874138832,0.9989510178565979,0,-0.0018530000234022737,0.04073699936270714,0,1,0.8914110064506531,-0.4403800070285797,-0.10701300203800201,0,0.45220598578453064,0.8487240076065063,0.2741830050945282,0,-0.029921000823378563,-0.29280200600624084,0.9557049870491028,0,0.044787999242544174,0.1549219936132431,-0.0005419999943114817,1,0.9963799715042114,0.08409500122070312,0.012415999546647072,0,-0.08177100121974945,0.9082559943199158,0.41034600138664246,0,0.02323099970817566,-0.4098759889602661,0.9118450284004211,0,-0.000830999983008951,0.031470999121665955,0,1,0.9993460178375244,0.03547599911689758,-0.007034000009298325,0,-0.03596099838614464,0.9953830242156982,-0.08898799866437912,0,0.003843999933451414,0.08918199688196182,0.9960079789161682,0,-0.0002479999966453761,0.029234999790787697,0,1,0.9814620018005371,-0.1902489960193634,-0.023189999163150787,0,0.19001099467277527,0.9500589966773987,0.24755600094795227,0,-0.025064999237656593,-0.24737399816513062,0.9685959815979004,0,0.018751999363303185,0.14293700456619263,-0.0017750000115484,1,0.9908149838447571,0.13210099935531616,0.028901999816298485,0,-0.13227300345897675,0.9023550152778625,0.410194993019104,0,0.02810800075531006,-0.4102500081062317,0.9115399718284607,0,-0.001702000037766993,0.03558500111103058,0,1,0.9998739957809448,-0.015828000381588936,-0.0014090000186115503,0,0.01563899964094162,0.9958750009536743,-0.08937299996614456,0,0.0028180000372231007,0.08934000134468079,0.9959970116615295,0,0.0009889999637380242,0.03653400018811226,0,1,0.9997770190238953,-0.007961999624967575,-0.019533999264240265,0,0.011621999554336071,0.9807170033454895,0.19508500397205353,0,0.017604000866413116,-0.19526900351047516,0.9805920124053955,0,-0.01773500069975853,0.14327099919319153,-0.006347000133246183,1,0.9905200004577637,0.13427600264549255,0.02897600084543228,0,-0.13436199724674225,0.9031789898872375,0.4076929986476898,0,0.02857300080358982,-0.40772199630737305,0.9126589894294739,0,-0.0013810000382363796,0.03184900060296059,0,1,0.9999480247497559,0.005348999984562397,-0.008725999854505062,0,-0.006099999882280827,0.9960529804229736,-0.0885540023446083,0,0.008217999711632729,0.08860299736261368,0.9960330128669739,0,0.00047500000800937414,0.029610000550746918,0,1,0.9633039832115173,0.2664090096950531,0.0327330008149147,0,-0.26836299896240234,0.9535890221595764,0.1365640014410019,0,0.005167999770492315,-0.1403370052576065,0.990090012550354,0,-0.04580499976873398,0.12299499660730362,-0.00072900002123788,1,0.9855970144271851,0.16506299376487732,0.03676899895071983,0,-0.16561199724674225,0.8981360197067261,0.4073390066623688,0,0.034212999045848846,-0.4075619876384735,0.9125360250473022,0,-0.001567999948747456,0.024880999699234962,0,1,0.9999960064888,-0.002053000032901764,-0.0017930000321939588,0,0.0018850000342354178,0.996038019657135,-0.08890999853610992,0,0.0019680000841617584,0.08890700340270996,0.996038019657135,0,0.0007489999989047647,0.022631999105215073,0,1,-0.7832149863243103,-0.2544980049133301,0.5672780275344849,0,0.6186739802360535,-0.4096490144729614,0.670395016670227,0,0.061769999563694,0.8760240077972412,0.4782949984073639,0,0.09794300049543381,-0.06040799990296364,0.011908999644219875,1,0.9908400177955627,-0.13253499567508698,0.02589699998497963,0,0.01007699966430664,-0.1186710000038147,-0.9928820133209229,0,0.13466499745845795,0.9840490221977234,-0.11624900251626968,0,0,0.4777100086212158,0,1,0.9452890157699585,-0.17806799709796906,0.2733500003814697,0,0.07917500287294388,0.9380679726600647,0.33728399872779846,0,-0.31648001074790955,-0.29718801379203796,0.9008439779281616,0,0,0.41556599736213684,0,1,0.8920230269432068,-0.030270999297499657,0.45097601413726807,0,-0.2721480131149292,0.7606490254402161,0.5893629789352417,0,-0.3608750104904175,-0.6484569907188416,0.670278012752533,0,0,0.23739400506019592,0,1,-0.7114760279655457,0.44446301460266113,-0.5442929863929749,0,-0.6655769944190979,-0.6746829748153687,0.3190760016441345,0,-0.22540700435638428,0.5892840027809143,0.7758449912071228,0,-0.09794300049543381,-0.06040799990296364,0.010657000355422497,1,0.9921830296516418,0.11984799802303314,0.03476699814200401,0,-0.054023001343011856,0.6636689901351929,-0.7460730075836182,0,-0.1124889999628067,0.7383630275726318,0.6649559736251831,0,0,0.47771701216697693,0,1,0.8901349902153015,0.3049429953098297,-0.33862900733947754,0,-0.04687599837779999,0.800432026386261,0.597586989402771,0,0.4532800018787384,-0.5160599946975708,0.7267869710922241,0,0,0.4149419963359833,0,1,0.9013440012931824,0.005109000019729137,-0.4330730140209198,0,0.26232200860977173,0.7892119884490967,0.555275022983551,0,0.34462401270866394,-0.6140990257263184,0.7100120186805725,0,0,0.23873400688171387,0,1
K0.033,0.9909840226173401,0.09079288691282272,-0.0985260084271431,0,0.0807110145688057,0.18241514265537262,0.9799029231071472,0,0.10694091022014618,-0.9790210127830505,0.17344217002391815,0,0.04135098680853844,1.1231390237808228,-0.05695696920156479,1,0.997859001159668,0.06522995233535767,0.004816969390958548,0,-0.06517595797777176,0.9978179931640625,-0.010593990795314312,0,-0.005497968290001154,0.010256992653012276,0.9999319911003113,0,0,0.10899599641561508,-0.00203399988822639,1,0.9994540214538574,-0.011835014447569847,0.030860930681228638,0,0.011281016282737255,0.9997730255126953,0.01806301809847355,0,-0.03106793202459812,-0.017705019563436508,0.9993600249290466,0,0,0.12718400359153748,0,1,0.9994500279426575,-0.011883014813065529,0.030952932313084602,0,0.011334015987813473,0.9997760057449341,0.01786702126264572,0,-0.031157933175563812,-0.01750602014362812,0.999360978603363,0,0,0.14535300433635712,0,1,0.9963729977607727,-0.08492603152990341,0.005311987362802029,0,0.08441802114248276,0.9787070155143738,-0.18709896504878998,0,0.010691015049815178,0.18686896562576294,0.9823269844055176,0,0,0.16352200508117676,0,1,0.9588590264320374,0.25280800461769104,0.12914198637008667,0,-0.26708799600601196,0.9575309753417969,0.10862503200769424,0,-0.09619598090648651,-0.13864803314208984,0.9856590032577515,0,0,0.04902400076389313,0.01296200044453144,1,0.0245217215269804,0.017818963155150414,-0.9995399713516235,0,0.934033989906311,-0.35679903626441956,0.01655375212430954,0,-0.3563400208950043,-0.9340109825134277,-0.025392865762114525,0,0.07461100071668625,0.13738399744033813,-0.000965000013820827,1,0.7398446798324585,-0.3976651728153229,0.5426722168922424,0,0.13255523145198822,0.8769630193710327,0.4619138836860657,0,-0.6595903038978577,-0.26981058716773987,0.7015289068222046,0,0,0.16720600426197052,0,1,0.4388078451156616,0.8984590768814087,0.014824002049863338,0,-0.8985810875892639,0.438729852437973,0.008299000561237335,0,0.0009530028910376132,-0.016962001100182533,0.9998559951782227,0,0,0.23836000263690948,0,1,0.9240829348564148,0.23098403215408325,0.3044961988925934,0,-0.10256792604923248,0.9173600077629089,-0.38461604714393616,0,-0.368173211812973,0.3241860270500183,0.8714078664779663,0,0,0.25811898708343506,0,1,0.8392279744148254,0.537194013595581,0.08437599986791611,0,-0.5243380069732666,0.7583019733428955,0.38735899329185486,0,0.14410400390625,-0.3693239986896515,0.9180600047111511,0,-0.020540999248623848,0.04834600165486336,0.025644000619649887,1,0.9851869940757751,0.16462600231170654,-0.04799899831414223,0,-0.16347800195217133,0.9861779808998108,0.026964999735355377,0,0.0517750009894371,-0.018718000501394272,0.9984830021858215,0,-0.007488999981433153,0.046160001307725906,0,1,0.9796649813652039,0.20064200460910797,0.00017199998546857387,0,-0.2003760039806366,0.978410005569458,-0.050631001591682434,0,-0.010327000170946121,0.049566999077796936,0.9987170100212097,0,0.0005489999894052744,0.040824998170137405,0,1,0.909089982509613,0.416593998670578,-0.0022090112324804068,0,-0.41659900546073914,0.9090870022773743,-0.0023000340443104506,0,0.0010499960044398904,0.003011035732924938,0.9999949932098389,0,-0.04424599930644035,0.1472180038690567,0.00017299999308306724,1,0.9987090229988098,-0.050707992166280746,-0.003152999095618725,0,0.0502769909799099,0.9774659872055054,0.20501695573329926,0,-0.007313997484743595,-0.20491094887256622,0.9787529706954956,0,0.000914999982342124,0.03385800123214722,0,1,0.9989050030708313,-0.046539995819330215,0.0047190007753670216,0,0.04666699469089508,0.9984109997749329,-0.031572017818689346,0,-0.0032420000061392784,0.03175801783800125,0.9994900226593018,0,0.0002629999944474548,0.03216300159692764,0,1,0.9933040142059326,0.112233005464077,0.02738500013947487,0,-0.11050500720739365,0.9921770095825195,-0.05808603763580322,0,-0.03369000554084778,0.0546710342168808,0.9979360103607178,0,-0.01765199936926365,0.15358099341392517,-0.005472999997437,1,0.995809018611908,-0.09076399356126785,-0.011224998161196709,0,0.09113899618387222,0.9746490120887756,0.20433396100997925,0,-0.007605996914207935,-0.2045009583234787,0.9788370132446289,0,0.0014700000174343586,0.036077000200748444,0,1,0.9997169971466064,-0.022978996858000755,0.006093000993132591,0,0.023159995675086975,0.9992380142211914,-0.03141701966524124,0,-0.005367000587284565,0.03154901787638664,0.9994879961013794,0,-0.0003819999983534217,0.03215499967336655,0,1,0.9915770292282104,-0.1244020015001297,0.03603599965572357,0,0.12725800275802612,0.987546980381012,-0.09250000864267349,0,-0.024080000817775726,0.09630700945854187,0.9950600266456604,0,0.01547900028526783,0.1349409967660904,-0.0054870001040399075,1,0.9951120018959045,-0.09769899398088455,-0.014373998157680035,0,0.09857099503278732,0.9739360213279724,0.20428495109081268,0,-0.0059589967131614685,-0.20470395684242249,0.9788060188293457,0,0.0018189999973401427,0.035353001207113266,0,1,0.9993379712104797,-0.03476199507713318,0.010761001147329807,0,0.035082995891571045,0.9988980293273926,-0.031175021082162857,0,-0.009665999561548233,0.03153201937675476,0.999455988407135,0,-0.0003870000073220581,0.03255999833345413,0,1,0.9363030195236206,-0.3406040072441101,0.08558599650859833,0,0.3492409884929657,0.9286829829216003,-0.12481401115655899,0,-0.036970000714063644,0.14675399661064148,0.9884819984436035,0,0.04642000049352646,0.1258080005645752,-0.0026579999830573797,1,0.9970309734344482,-0.07530099153518677,-0.01610199548304081,0,0.07699999213218689,0.9730470180511475,0.21737095713615417,0,-0.0006999989273026586,-0.2179659605026245,0.9759560227394104,0,0.001353000057861209,0.026142999529838562,0,1,0.9992520213127136,0.03793800249695778,-0.00753699941560626,0,-0.038158003240823746,0.9987710118293762,-0.03164001926779747,0,0.006326999049633741,0.03190401941537857,0.9994710087776184,0,-0.0010969999711960554,0.02173599973320961,0,1,-0.16500058770179749,0.020850928500294685,0.9860730767250061,0,-0.963606059551239,-0.21661104261875153,-0.15666060149669647,0,0.21032807230949402,-0.9760349988937378,0.055832844227552414,0,-0.07461100071668625,0.13736599683761597,-0.000011000000085914508,1,0.2918444275856018,-0.5836238861083984,-0.7577669620513916,0,0.27590373158454895,0.8099481463432312,-0.51755291223526,0,0.9158079624176025,-0.05802558362483978,0.39740318059921265,0,0,0.16720600426197052,0,1,0.7362169623374939,-0.6766740679740906,-0.009797999635338783,0,0.6767200827598572,0.7362379431724548,0.0019910000264644623,0,0.00586599949747324,-0.008097000420093536,0.9999499917030334,0,0,0.23839199542999268,0,1,0.9025829434394836,0.11565002053976059,-0.41469112038612366,0,-0.25129303336143494,0.9236469864845276,-0.28935694694519043,0,0.3495640754699707,0.3653779625892639,0.8627309203147888,0,0,0.25738200545310974,0,1,0.7636780142784119,-0.6385030150413513,-0.09544800221920013,0,0.6197770237922668,0.6836820244789124,0.3852989971637726,0,-0.18075799942016602,-0.3534010052680969,0.9178419709205627,0,0.02006700076162815,0.048082999885082245,0.024203000590205193,1,0.9889219999313354,-0.1330759972333908,0.06575900316238403,0,0.13048100471496582,0.9905480146408081,0.04230999946594238,0,-0.07076799869537354,-0.033261001110076904,0.9969379901885986,0,0.004424999933689833,0.04574599862098694,0,1,0.9984840154647827,-0.05285000056028366,-0.015374000184237957,0,0.05214399844408035,0.9977070093154907,-0.043143000453710556,0,0.017619000747799873,0.04227599874138832,0.9989510178565979,0,-0.0018530000234022737,0.04073699936270714,0,1,0.8916260004043579,-0.43973198533058167,-0.10788799077272415,0,0.45176899433135986,0.8481630086898804,0.2766299843788147,0,-0.030136998742818832,-0.2953909635543823,0.9549009799957275,0,0.044787999242544174,0.1549219936132431,-0.0005419999943114817,1,0.996379017829895,0.08410999923944473,0.012422001920640469,0,-0.08178400248289108,0.9082149863243103,0.4104350209236145,0,0.023240001872181892,-0.40996402502059937,0.9118049740791321,0,-0.000830999983008951,0.031470999121665955,0,1,0.9993460178375244,0.03548400476574898,-0.0070319995284080505,0,-0.03596900403499603,0.9953870177268982,-0.08893898874521255,0,0.003843999933451414,0.08913398534059525,0.9960119724273682,0,-0.0002479999966453761,0.029234999790787697,0,1,0.9815459847450256,-0.18979200720787048,-0.0233599990606308,0,0.1895429939031601,0.9494640231132507,0.2501849830150604,0,-0.025303998962044716,-0.24999597668647766,0.9679160118103027,0,0.018751999363303185,0.14293700456619263,-0.0017750000115484,1,0.9908130168914795,0.1321129947900772,0.02891000173985958,0,-0.1322840005159378,0.9023129940032959,0.41028302907943726,0,0.02811800129711628,-0.41033804416656494,0.9114999771118164,0,-0.001702000037766993,0.03558500111103058,0,1,0.9998739957809448,-0.015820998698472977,-0.0014089999021962285,0,0.01563199795782566,0.9958800077438354,-0.0893239825963974,0,0.0028159995563328266,0.08929098397493362,0.9960020184516907,0,0.0009889999637380242,0.03653400018811226,0,1,0.999809980392456,-0.006438983604311943,-0.018422989174723625,0,0.010062983259558678,0.9789230227470398,0.20398308336734772,0,0.01672198995947838,-0.20412908494472504,0.9788010120391846,0,-0.01773500069975853,0.14327099919319153,-0.006347000133246183,1,0.9905179738998413,0.13429099321365356,0.028984002768993378,0,-0.13437700271606445,0.9031370282173157,0.40778103470802307,0,0.028585003688931465,-0.4078100323677063,0.9126189947128296,0,-0.0013810000382363796,0.03184900060296059,0,1,0.9999480247497559,0.00535800214856863,-0.008724000304937363,0,-0.006109002511948347,0.9960569739341736,-0.08850598335266113,0,0.00821600016206503,0.08855398744344711,0.9960370063781738,0,0.00047500000800937414,0.029610000550746918,0,1,0.9629030227661133,0.26739799976348877,0.03628603741526604,0,-0.2698160409927368,0.9519490003585815,0.14488708972930908,0,0.004200989846140146,-0.14930309355258942,0.9887830018997192,0,-0.04580499976873398,0.12299499660730362,-0.00072900002123788,1,0.9855949878692627,0.16507700085639954,0.0367790050804615,0,-0.16562500596046448,0.8980929851531982,0.407427042722702,0,0.03422600403428078,-0.40765002369880676,0.9124969840049744,0,-0.001567999948747456,0.024880999699234962,0,1,0.9999960064888,-0.0020439978688955307,-0.0017919996753335,0,0.0018759978702291846,0.996042013168335,-0.08886198699474335,0,0.0019659996032714844,0.0888579860329628,0.996042013168335,0,0.0007489999989047647,0.022631999105215073,0,1,-0.7816309928894043,-0.26145413517951965,0.5662999153137207,0,0.6223919987678528,-0.38662680983543396,0.6805500388145447,0,0.04101373627781868,0.8843989968299866,0.46492597460746765,0,0.09794300049543381,-0.06040799990296364,0.011908999644219875,1,0.9900649785995483,-0.13808204233646393,0.02654401771724224,0,0.007029989268630743,-0.1399301439523697,-0.9901360273361206,0,0.14043405652046204,0.9804859161376953,-0.1375691443681717,0,0,0.4777100086212158,0,1,0.9481980204582214,-0.2143283486366272,0.23448465764522552,0,0.11812924593687057,0.9230716824531555,0.3660396337509155,0,-0.2948988974094391,-0.3193785846233368,0.9005728363990784,0,0,0.41556599736213684,0,1,0.8923270106315613,-0.029486969113349915,0.4504249691963196,0,-0.2718620002269745,0.7614730596542358,0.5884299278259277,0,-0.36033695936203003,-0.6475249528884888,0.6714670658111572,0,0,0.23739400506019592,0,1,-0.7085610032081604,0.45078206062316895,-0.5428979992866516,0,-0.6647679805755615,-0.6844831109046936,0.29927578568458557,0,-0.23669612407684326,0.572955846786499,0.7846630811691284,0,-0.09794300049543381,-0.06040799990296364,0.010657000355422497,1,0.9915050268173218,0.12498106062412262,0.036017078906297684,0,-0.05684998631477356,0.6654840707778931,-0.7442439198493958,0,-0.11698509007692337,0.7358739376068115,0.6669360399246216,0,0,0.47771701216697693,0,1,0.8904579877853394,0.30421197414398193,-0.3384369909763336,0,-0.04831600561738014,0.8027100563049316,0.5944099426269531,0,0.45249298214912415,-0.5129449367523193,0.7294780611991882,0,0,0.4149419963359833,0,1,0.9012259840965271,0.005422002635896206,-0.4333159923553467,0,0.26242899894714355,0.7888919711112976,0.555679976940155,0,0.3448520004749298,-0.6145079731941223,0.7095469832420349,0,0,0.23873400688171387,0,1
