2.633,30,78,65
B0,mixamorig_Hips,-1,0.9993024468421936,-0.036222368478775024,0.009045759215950966,0,-0.009754816070199013,-0.019469864666461945,0.9997626543045044,0,-0.03603829815983772,-0.9991544485092163,-0.019810007885098457,0,-0.008793358691036701,1.0269056558609009,8.140669822692871,1
B1,mixamorig_Spine,0,0.9989094734191895,0.029067061841487885,-0.036531344056129456,0,-0.0355362668633461,0.9809045195579529,-0.19121481478214264,0,0.03027561493217945,0.19230441749095917,0.980867862701416,0,0,0.10899599641561508,-0.00203399988822639,1
B2,mixamorig_Spine1,1,0.9999552965164185,0.005570909474045038,-0.0076371897011995316,0,-0.005835689604282379,0.999367892742157,-0.03507687523961067,0,0.00743733299896121,0.03511966019868851,0.999355137348175,0,0,0.12718400359153748,0,1
B3,mixamorig_Spine2,2,0.9999533295631409,0.005591765511780977,-0.007828046567738056,0,-0.005862545687705278,0.9993689060211182,-0.03504837676882744,0,0.007627189625054598,0.03509216010570526,0.999355137348175,0,0,0.14535300433635712,0,1
B4,mixamorig_Neck,3,0.9856149554252625,-0.16892613470554352,-0.005246289074420929,0,0.1649569571018219,0.9682849645614624,-0.18765240907669067,0,0.03677962347865105,0.1840873807668686,0.9822213053703308,0,0,0.16352200508117676,0,1
B5,mixamorig_Head,4,0.9794189929962158,0.19484402239322662,0.05267084389925003,0,-0.1690085381269455,0.9343551397323608,-0.31371405720710754,0,-0.11033926159143448,0.29835596680641174,0.9480550289154053,0,0,0.04902400076389313,0.01296200044453144,1
B6,mixamorig_HeadTop_End,5,1,0,0,0,0,1,0,0,0,0,1,0,0,0.26876300573349,0.07106400281190872,1
B7,mixamorig_LeftShoulder,3,0.12372926622629166,0.052093565464019775,-0.990947961807251,0,0.9077810645103455,-0.40926840901374817,0.09183088690042496,0,-0.40077927708625793,-0.9109256863594055,-0.09792760759592056,0,0.07461100071668625,0.13738399744033813,-0.000965000013820827,1
B8,mixamorig_LeftArm,7,0.9933764934539795,0.016721462830901146,-0.11367557942867279,0,0.080257847905159,0.6069985032081604,0.7906391620635986,0,0.082222118973732,-0.7945259809494019,0.6016370058059692,0,0,0.16720600426197052,0,1
B9,mixamorig_LeftForeArm,8,0.9865425825119019,0.16320163011550903,0.009765789844095707,0,-0.16322371363639832,0.9865865707397461,0.001506664790213108,0,-0.009388421662151814,-0.0030804730486124754,0.9999510049819946,0,0,0.23836000263690948,0,1
B10,mixamorig_LeftHand,9,0.990900456905365,-0.11659814417362213,-0.06720652431249619,0,0.12376278638839722,0.9856511354446411,0.11475599557161331,0,0.05285947769880295,-0.12202853709459305,0.9911165237426758,0,0,0.25811898708343506,0,1
B11,mixamorig_LeftHandThumb1,10,0.9678500294685364,0.25141599774360657,-0.007513000164180994,0,-0.223457932472229,0.873166024684906,0.4331830143928528,0,0.11546900123357773,-0.41757699847221375,0.9012749791145325,0,-0.020540999248623848,0.04834600165486336,0.025644000619649887,1
B12,mixamorig_LeftHandThumb2,11,0.8533430099487305,-0.4336189925670624,0.28944793343544006,0,0.3975380063056946,0.9003829956054688,0.17684400081634521,0,-0.3372969329357147,-0.03584200143814087,0.940716028213501,0,-0.007488999981433153,0.046160001307725906,0,1
B13,mixamorig_LeftHandThumb3,12,0.5895599722862244,-0.7629320025444031,0.2652440071105957,0,0.8066669702529907,0.5393320322036743,-0.24167999625205994,0,0.04133100062608719,0.3564479947090149,0.9333999752998352,0,0.0005489999894052744,0.040824998170137405,0,1
B14,mixamorig_LeftHandThumb4,13,1,0,0,0,0,1,0,0,0,0,1,0,0.006938999984413385,0.028999999165534973,0,1
B15,mixamorig_LeftHandIndex1,10,0.9894189834594727,-0.05326300114393234,-0.1349550038576126,0,0.14061099290847778,0.12280499935150146,0.9824190139770508,0,-0.0357539989054203,-0.9910010099411011,0.12899500131607056,0,-0.04424599930644035,0.1472180038690567,0.00017299999308306724,1
B16,mixamorig_LeftHandIndex2,15,0.9584850072860718,-0.1699810028076172,-0.22893807291984558,0,0.11941500008106232,-0.4898050129413605,0.8636149764060974,0,-0.25893300771713257,-0.8551009893417358,-0.4491730034351349,0,0.000914999982342124,0.03385800123214722,0,1
B17,mixamorig_LeftHandIndex3,16,0.9568700194358826,-0.15117000043392181,-0.24808800220489502,0,0.19031600654125214,-0.3190250098705292,0.9284409880638123,0,-0.21949806809425354,-0.9356120228767395,-0.2764959931373596,0,0.0002629999944474548,0.03216300159692764,0,1
B18,mixamorig_LeftHandIndex4,17,1,0,0,0,0,1,0,0,0,0,1,0,-0.0011780000058934093,0.028209999203681946,0,1
B19,mixamorig_LeftHandMiddle1,10,0.9926210045814514,-0.0717099979519844,-0.09778200089931488,0,0.10486000031232834,0.10268600285053253,0.989171028137207,0,-0.06089299917221069,-0.9921259880065918,0.10944800078868866,0,-0.01765199936926365,0.15358099341392517,-0.005472999997437,1
B20,mixamorig_LeftHandMiddle2,19,0.9454230070114136,-0.20136700570583344,-0.2561759948730469,0,0.16737599670886993,-0.37442898750305176,0.9120240211486816,0,-0.2795710563659668,-0.9051269888877869,-0.3202899992465973,0,0.0014700000174343586,0.036077000200748444,0,1
B21,mixamorig_LeftHandMiddle3,20,0.9502109885215759,-0.14705799520015717,-0.27472400665283203,0,0.21200400590896606,-0.3410390019416809,0.9158310294151306,0,-0.2283719927072525,-0.928475022315979,-0.2928819954395294,0,-0.0003819999983534217,0.03215499967336655,0,1
B22,mixamorig_LeftHandMiddle4,21,1,0,0,0,0,1,0,0,0,0,1,0,-0.001088000019080937,0.026607999578118324,0,1
B23,mixamorig_LeftHandRing1,10,0.9974200129508972,-0.06374900043010712,-0.03301599994301796,0,0.036364998668432236,0.05210400000214577,0.9979789853096008,0,-0.061900001019239426,-0.9966049790382385,0.05428707227110863,0,0.01547900028526783,0.1349409967660904,-0.0054870001040399075,1
B24,mixamorig_LeftHandRing2,23,0.9496300220489502,-0.20521099865436554,-0.2368369996547699,0,0.16405899822711945,-0.3183610737323761,0.9336649775505066,0,-0.2669980525970459,-0.9254909753799438,-0.26865899562835693,0,0.0018189999973401427,0.035353001207113266,0,1
B25,mixamorig_LeftHandRing3,24,0.9545930027961731,-0.14764399826526642,-0.2587539851665497,0,0.21726499497890472,-0.24925099313259125,0.9437530040740967,0,-0.20383399724960327,-0.9571179747581482,-0.20585592091083527,0,-0.0003870000073220581,0.03255999833345413,0,1
B26,mixamorig_LeftHandRing4,25,1,0,0,0,0,1,0,0,0,0,1,0,-0.0014319999609142542,0.026468999683856964,0,1
B27,mixamorig_LeftHandPinky1,10,0.9948530197143555,-0.10132600367069244,-0.0011269999668002129,0,-0.0014299999456852674,-0.025162000209093094,0.9996820092201233,0,-0.1013220027089119,-0.9945350289344788,-0.02517700009047985,0,0.04642000049352646,0.1258080005645752,-0.0026579999830573797,1
B28,mixamorig_LeftHandPinky2,27,0.9434959888458252,-0.17219607532024384,-0.2831310033798218,0,0.2513040006160736,-0.18514099717140198,0.9500359892845154,0,-0.21601200103759766,-0.9675080180168152,-0.1314059942960739,0,0.001353000057861209,0.026142999529838562,0,1
B29,mixamorig_LeftHandPinky3,28,0.9409570097923279,-0.1025099977850914,-0.32263100147247314,0,0.21366000175476074,-0.5594059824943542,0.8008840084075928,0,-0.2625800669193268,-0.82253098487854,-0.5044740438461304,0,-0.0010969999711960554,0.02173599973320961,0,1
B30,mixamorig_LeftHandPinky4,29,1,0,0,0,0,1,0,0,0,0,1,0,-0.00025499999173916876,0.0157919991761446,0,1
B31,mixamorig_RightShoulder,3,-0.30071812868118286,-0.0040969871915876865,0.9537017345428467,0,-0.9324084520339966,-0.20890815556049347,-0.29489946365356445,0,0.20044122636318207,-0.9779249429702759,0.05900507792830467,0,-0.07461100071668625,0.13736599683761597,-0.000011000000085914508,1
B32,mixamorig_RightArm,31,0.9284765720367432,0.13335400819778442,-0.34661900997161865,0,0.16364237666130066,0.6909242868423462,0.7041620016098022,0,0.33339059352874756,-0.7105187177658081,0.6196861267089844,0,0,0.16720600426197052,0,1
B33,mixamorig_RightForeArm,32,0.9999589920043945,9.282362611884309e-7,-0.00902200024574995,0,-9.282362611884309e-7,1,9.282371138397139e-7,0,0.00902200024574995,-9.282371138397139e-7,0.9999589920043945,0,0,0.23839199542999268,0,1
B34,mixamorig_RightHand,33,0.90412837266922,0.0924186110496521,0.4171436131000519,0,-0.19639453291893005,0.9569616913795471,0.21365439891815186,0,-0.37944355607032776,-0.27509599924087524,0.8833688497543335,0,0,0.25738200545310974,0,1
B35,mixamorig_RightHandThumb1,34,0.9519829750061035,-0.29597800970077515,-0.07826700061559677,0,0.2929840087890625,0.8065959811210632,0.5133829712867737,0,-0.08882000297307968,-0.511663019657135,0.8545830249786377,0,0.02006700076162815,0.048082999885082245,0.024203000590205193,1
B36,mixamorig_RightHandThumb2,35,0.8587740659713745,0.5062149167060852,0.07907699793577194,0,-0.5106279850006104,0.8582829833030701,0.051080070436000824,0,-0.04201300069689751,-0.08424507081508636,0.9955589771270752,0,0.004424999933689833,0.04574599862098694,0,1
B37,mixamorig_RightHandThumb3,36,0.5147160291671753,0.8507660031318665,-0.10613100230693817,0,-0.8514350056648254,0.5217559933662415,0.05319000035524368,0,0.10062699764966965,0.06298600137233734,0.9929289221763611,0,-0.0018530000234022737,0.04073699936270714,0,1
B38,mixamorig_RightHandThumb4,37,1,0,0,0,0,1,0,0,0,0,1,0,-0.0025730000343173742,0.029347000643610954,0,1
B39,mixamorig_RightHandIndex1,34,0.9866989850997925,0.03272999823093414,0.15922799706459045,0,-0.16182400286197662,0.10481492429971695,0.98123699426651,0,0.015425999648869038,-0.9939529895782471,0.10871700197458267,0,0.044787999242544174,0.1549219936132431,-0.0005419999943114817,1
B40,mixamorig_RightHandIndex2,39,0.9603440165519714,0.16436000168323517,0.22522307932376862,0,-0.1186710000038147,-0.490011990070343,0.8636000156402588,0,0.2523030638694763,-0.8560810089111328,-0.4510749876499176,0,-0.000830999983008951,0.031470999121665955,0,1
B41,mixamorig_RightHandIndex3,40,0.9588140249252319,0.14527492225170135,0.24407300353050232,0,-0.1882379949092865,-0.31849899888038635,0.9290450215339661,0,0.21270392835140228,-0.9367250204086304,-0.2780350148677826,0,-0.0002479999966453761,0.029234999790787697,0,1
B42,mixamorig_RightHandIndex4,41,1,0,0,0,0,1,0,0,0,0,1,0,0.0010789999505504966,0.025373000651597977,0,1
B43,mixamorig_RightHandMiddle1,34,0.9959359765052795,0.017461000010371208,0.08835200220346451,0,-0.08946099877357483,0.07872000336647034,0.9928749799728394,0,0.010381071828305721,-0.9967439770698547,0.07996200025081635,0,0.018751999363303185,0.14293700456619263,-0.0017750000115484,1
B44,mixamorig_RightHandMiddle2,43,0.9596089720726013,0.16994400322437286,0.22421100735664368,0,-0.14720900356769562,-0.3758389949798584,0.9149180054664612,0,0.23975199460983276,-0.9109690189361572,-0.3356409966945648,0,-0.001702000037766993,0.03558500111103058,0,1
B45,mixamorig_RightHandMiddle3,44,0.9718449711799622,0.1002890020608902,0.21321099996566772,0,-0.16870500147342682,-0.3355239927768707,0.9268019795417786,0,0.16448499262332916,-0.9366779923439026,-0.30915895104408264,0,0.0009889999637380242,0.03653400018811226,0,1
B46,mixamorig_RightHandMiddle4,45,1,0,0,0,0,1,0,0,0,0,1,0,0.0007130000158213079,0.02843100018799305,0,1
B47,mixamorig_RightHandRing1,34,0.9979519844055176,0.06230299919843674,0.01448499970138073,0,-0.013561000116169453,-0.015235000289976597,0.9997919797897339,0,0.06251092255115509,-0.9979410171508789,-0.014359000138938427,0,-0.01773500069975853,0.14327099919319153,-0.006347000133246183,1
B48,mixamorig_RightHandRing2,47,0.9473900198936462,0.2156209945678711,0.23655693233013153,0,-0.189846932888031,-0.21648700535297394,0.9576489925384521,0,0.25770100951194763,-0.9521769881248474,-0.16416199505329132,0,-0.0013810000382363796,0.03184900060296059,0,1
B49,mixamorig_RightHandRing3,48,0.9530500173568726,0.15546999871730804,0.2598550021648407,0,-0.21731799840927124,-0.2464340776205063,0.9444800019264221,0,0.210875004529953,-0.95660799741745,-0.20107799768447876,0,0.00047500000800937414,0.029610000550746918,0,1
B50,mixamorig_RightHandRing4,49,1,0,0,0,0,1,0,0,0,0,1,0,0.0009059999720193446,0.02285899966955185,0,1
B51,mixamorig_RightHandPinky1,34,0.9937729835510254,0.0713609978556633,-0.08557300269603729,0,0.08980300277471542,-0.05833499878644943,0.9942499995231628,0,0.06595899909734726,-0.9957429766654968,-0.06437999755144119,0,-0.04580499976873398,0.12299499660730362,-0.00072900002123788,1
B52,mixamorig_RightHandPinky2,51,0.9429730176925659,0.22998900711536407,0.24063900113105774,0,-0.200764000415802,-0.18367800116539001,0.9622660279273987,0,0.2655109465122223,-0.9557030200958252,-0.12703000009059906,0,-0.001567999948747456,0.024880999699234962,0,1
B53,mixamorig_RightHandPinky3,52,0.9472410082817078,0.08949899673461914,0.30777299404144287,0,-0.20578500628471375,-0.5663660168647766,0.7980489730834961,0,0.2457370012998581,-0.8192800283432007,-0.5180670022964478,0,0.0007489999989047647,0.022631999105215073,0,1
B54,mixamorig_RightHandPinky4,53,1,0,0,0,0,1,0,0,0,0,1,0,0.0008190000080503523,0.017829999327659607,0,1
B55,mixamorig_LeftUpLeg,0,-0.9546272158622742,-0.22658473253250122,0.19325007498264313,0,0.24763554334640503,-0.9644268155097961,0.09250164031982422,0,0.16541707515716553,0.13616040349006653,0.9767791032791138,0,0.09794300049543381,-0.06040799990296364,0.011908999644219875,1
B56,mixamorig_LeftLeg,55,0.9864661693572998,0.03644454479217529,0.1598656177520752,0,0.05075603350996971,0.8592246174812317,-0.5090750455856323,0,-0.1559135466814041,0.510299026966095,0.8457458019256592,0,0,0.4777100086212158,0,1
B57,mixamorig_LeftFoot,56,0.9425626397132874,0.026866164058446884,0.3329464793205261,0,-0.21905510127544403,0.8022077083587646,0.5554071068763733,0,-0.25217097997665405,-0.5964398384094238,0.7620160579681396,0,0,0.41556599736213684,0,1
B58,mixamorig_LeftToeBase,57,0.8998616337776184,-0.00992630422115326,0.4360627830028534,0,-0.2648876905441284,0.7818340063095093,0.5644204020500183,0,-0.3465310037136078,-0.6234076619148254,0.7009122371673584,0,0,0.23739400506019592,0,1
B59,mixamorig_LeftToe_End,58,1,0,0,0,0,1,0,0,0,0,1,0,0,0.0837239995598793,0,1
B60,mixamorig_RightUpLeg,0,-0.7913548350334167,0.38599979877471924,-0.47408726811408997,0,-0.4131051003932953,-0.9092654585838318,-0.05074882134795189,0,-0.45066016912460327,0.1556869000196457,0.8790100812911987,0,-0.09794300049543381,-0.06040799990296364,0.010657000355422497,1
B61,mixamorig_RightLeg,60,0.9872850179672241,-0.03454599529504776,-0.15515179932117462,0,-0.0270105991512537,0.9254294633865356,-0.37794628739356995,0,0.1566413938999176,0.37733322381973267,0.9127302765846252,0,0,0.47771701216697693,0,1
B62,mixamorig_RightFoot,61,0.9322453141212463,-0.2947220504283905,-0.2098611742258072,0,0.35058143734931946,0.8792341351509094,0.3225455582141876,0,0.08945463597774506,-0.3742658495903015,0.9229854941368103,0,0,0.4149419963359833,0,1
B63,mixamorig_RightToeBase,62,0.9147817492485046,-0.030905917286872864,-0.40276432037353516,0,0.25059205293655396,0.8254396915435791,0.5058192610740662,0,0.3168254494667053,-0.5636446475982666,0.7628416419029236,0,0,0.23873400688171387,0,1
B64,mixamorig_RightToe_End,63,1,0,0,0,0,1,0,0,0,0,1,0,0,0.08404400199651718,0,1
@52,0,1,2,3,4,5,7,8,9,10,11,12,13,15,16,17,19,20,21,23,24,25,27,28,29,31,32,33,34,35,36,37,39,40,41,43,44,45,47,48,49,51,52,53,55,56,57,58,60,61,62,63
K0.000,0.9999510049819946,-0.0032059999648481607,0.00939400028437376,0,-0.009398000314831734,-0.001247999956831336,0.9999549984931946,0,-0.003194000106304884,-0.9999939799308777,-0.0012779999524354935,0,0.004263000097125769,1.0206209421157837,0.013340000063180923,1,0.9987409710884094,-0.020413000136613846,-0.045823998749256134,0,0.013365999795496464,0.9887300133705139,-0.14911200106143951,0,0.04835199937224388,0.14831200242042542,0.9877579808235168,0,0,0.10899599641561508,-0.00203399988822639,1,0.9999459981918335,-0.0037189999129623175,-0.009676000103354454,0,0.0034650000743567944,0.9996539950370789,-0.02607399970293045,0,0.009769000113010406,0.0260390006005764,0.9996129870414734,0,0,0.12718400359153748,0,1,0.9999459981918335,-0.00369199994020164,-0.009763999842107296,0,0.0034360000863671303,0.99965500831604,-0.026045000180602074,0,0.009856999851763248,0.026009999215602875,0.9996129870414734,0,0,0.14535300433635712,0,1,0.9986469745635986,-0.050363000482320786,0.012955999933183193,0,0.051972001791000366,0.9579870104789734,-0.2820650041103363,0,0.0017940000398084521,0.28235700726509094,0.9593080282211304,0,0,0.16352200508117676,0,1,0.987841010093689,0.1492449939250946,0.04353899881243706,0,-0.13228900730609894,0.9540489912033081,-0.26886698603630066,0,-0.081666000187397,0.2598380148410797,0.9621930122375488,0,0,0.04902400076389313,0.01296200044453144,1,0.036173999309539795,0.01017600018531084,-0.9992939829826355,0,0.9230859875679016,-0.3834590017795563,0.029510999098420143,0,-0.38288798928260803,-0.9235020279884338,-0.023264000192284584,0,0.07461100071668625,0.13738399744033813,-0.000965000013820827,1,0.9879090189933777,0.013352000154554844,-0.1544570028781891,0,0.09642700105905533,0.7272080183029175,0.6796110272407532,0,0.12139599770307541,-0.6862879991531372,0.7171279788017273,0,0,0.16720600426197052,0,1,0.9977049827575684,0.06701300293207169,0.009662999771535397,0,-0.06702200323343277,0.997750997543335,0.0006179999909363687,0,-0.009600000455975533,-0.0012639999622479081,0.9999529719352722,0,0,0.23836000263690948,0,1,0.9933109879493713,-0.11294300109148026,-0.02402699925005436,0,0.11518300324678421,0.9838269948959351,0.13717800378799438,0,0.008144999854266644,-0.13902799785137177,0.9902549982070923,0,0,0.25811898708343506,0,1,0.9678500294685364,0.25141599774360657,-0.007513000164180994,0,-0.2234569936990738,0.873166024684906,0.4331830143928528,0,0.11546900123357773,-0.41757699847221375,0.9012749791145325,0,-0.020540999248623848,0.04834600165486336,0.025644000619649887,1,0.8533430099487305,-0.4336189925670624,0.28944799304008484,0,0.3975380063056946,0.9003829956054688,0.17684400081634521,0,-0.3372969925403595,-0.03584200143814087,0.940716028213501,0,-0.007488999981433153,0.046160001307725906,0,1,0.5895599722862244,-0.7629320025444031,0.2652440071105957,0,0.8066669702529907,0.5393329858779907,-0.24167999625205994,0,0.04133100062608719,0.3564479947090149,0.9333999752998352,0,0.0005489999894052744,0.040824998170137405,0,1,0.9894189834594727,-0.05326300114393234,-0.1349550038576126,0,0.14061099290847778,0.12280499935150146,0.9824190139770508,0,-0.0357539989054203,-0.9910010099411011,0.12899500131607056,0,-0.04424599930644035,0.1472180038690567,0.00017299999308306724,1,0.9584850072860718,-0.1699810028076172,-0.2289379984140396,0,0.11941400170326233,-0.4898050129413605,0.8636149764060974,0,-0.25893399119377136,-0.8551009893417358,-0.4491730034351349,0,0.000914999982342124,0.03385800123214722,0,1,0.9568700194358826,-0.15117000043392181,-0.24808800220489502,0,0.19031600654125214,-0.3190250098705292,0.9284409880638123,0,-0.21949900686740875,-0.9356120228767395,-0.2764959931373596,0,0.0002629999944474548,0.03216300159692764,0,1,0.9926210045814514,-0.0717099979519844,-0.09778200089931488,0,0.10486000031232834,0.10268600285053253,0.989171028137207,0,-0.06089299917221069,-0.9921259880065918,0.10944800078868866,0,-0.01765199936926365,0.15358099341392517,-0.005472999997437,1,0.9454230070114136,-0.20136700570583344,-0.2561759948730469,0,0.16737599670886993,-0.37442898750305176,0.9120240211486816,0,-0.2795720100402832,-0.9051269888877869,-0.3202899992465973,0,0.0014700000174343586,0.036077000200748444,0,1,0.9502109885215759,-0.14705899357795715,-0.27472400665283203,0,0.21200400590896606,-0.3410390019416809,0.9158310294151306,0,-0.2283719927072525,-0.928475022315979,-0.2928819954395294,0,-0.0003819999983534217,0.03215499967336655,0,1,0.9974200129508972,-0.06374900043010712,-0.03301599994301796,0,0.036364998668432236,0.05210300162434578,0.9979789853096008,0,-0.061900001019239426,-0.9966049790382385,0.05428700149059296,0,0.01547900028526783,0.1349409967660904,-0.0054870001040399075,1,0.9496300220489502,-0.20521199703216553,-0.2368369996547699,0,0.16405799984931946,-0.3183610141277313,0.9336649775505066,0,-0.2669990062713623,-0.9254909753799438,-0.26865899562835693,0,0.0018189999973401427,0.035353001207113266,0,1,0.9545930027961731,-0.14764399826526642,-0.2587539851665497,0,0.21726499497890472,-0.24925099313259125,0.9437530040740967,0,-0.20383399724960327,-0.9571179747581482,-0.20585499703884125,0,-0.0003870000073220581,0.03255999833345413,0,1,0.9948530197143555,-0.10132600367069244,-0.0011269999668002129,0,-0.0014299999456852674,-0.025162000209093094,0.9996820092201233,0,-0.1013220027089119,-0.9945350289344788,-0.02517700009047985,0,0.04642000049352646,0.1258080005645752,-0.0026579999830573797,1,0.9434959888458252,-0.17219600081443787,-0.2831310033798218,0,0.2513040006160736,-0.18514099717140198,0.9500359892845154,0,-0.21601200103759766,-0.9675080180168152,-0.1314059942960739,0,0.001353000057861209,0.026142999529838562,0,1,0.9409570097923279,-0.1025099977850914,-0.32263100147247314,0,0.21366000175476074,-0.5594059824943542,0.8008840084075928,0,-0.2625809907913208,-0.82253098487854,-0.5044749975204468,0,-0.0010969999711960554,0.02173599973320961,0,1,-0.33277300000190735,-0.0016659999964758754,0.9430050253868103,0,-0.8622320294380188,-0.4044010043144226,-0.3049840033054352,0,0.38186100125312805,-0.9145799875259399,0.13313700258731842,0,-0.07461100071668625,0.13736599683761597,-0.000011000000085914508,1,0.9204599857330322,0.20659199357032776,-0.3317739963531494,0,0.0818220004439354,0.7282099723815918,0.6804519891738892,0,0.3821769952774048,-0.6534749865531921,0.6533839702606201,0,0,0.16720600426197052,0,1,0.9999589920043945,0,-0.00902200024574995,0,0,1,0,0,0.00902200024574995,0,0.9999589920043945,0,0,0.23839199542999268,0,1,0.9269480109214783,0.1075970008969307,0.3594299852848053,0,-0.23179900646209717,0.917527973651886,0.32312801480293274,0,-0.2950200140476227,-0.38283801078796387,0.8754420280456543,0,0,0.25738200545310974,0,1,0.9519829750061035,-0.29597800970077515,-0.07826799899339676,0,0.2929840087890625,0.8065959811210632,0.5133829712867737,0,-0.08882000297307968,-0.511663019657135,0.8545830249786377,0,0.02006700076162815,0.048082999885082245,0.024203000590205193,1,0.8587740063667297,0.50621497631073,0.07907699793577194,0,-0.5106289982795715,0.8582829833030701,0.05107999965548515,0,-0.04201300069689751,-0.08424600213766098,0.9955589771270752,0,0.004424999933689833,0.04574599862098694,0,1,0.5147160291671753,0.8507660031318665,-0.10613100230693817,0,-0.8514350056648254,0.5217559933662415,0.05319000035524368,0,0.10062699764966965,0.06298600137233734,0.9929280281066895,0,-0.0018530000234022737,0.04073699936270714,0,1,0.9866989850997925,0.03272999823093414,0.15922799706459045,0,-0.16182400286197662,0.10481499880552292,0.98123699426651,0,0.015426999889314175,-0.9939529895782471,0.10871700197458267,0,0.044787999242544174,0.1549219936132431,-0.0005419999943114817,1,0.9603440165519714,0.16436000168323517,0.22522400319576263,0,-0.1186710000038147,-0.490011990070343,0.8636000156402588,0,0.25230398774147034,-0.8560810089111328,-0.4510749876499176,0,-0.000830999983008951,0.031470999121665955,0,1,0.9588140249252319,0.14527399837970734,0.24407300353050232,0,-0.1882379949092865,-0.31849899888038635,0.9290450215339661,0,0.21270300447940826,-0.9367250204086304,-0.2780350148677826,0,-0.0002479999966453761,0.029234999790787697,0,1,0.9959359765052795,0.017461000010371208,0.08835200220346451,0,-0.08946099877357483,0.07872000336647034,0.9928749799728394,0,0.010382000356912613,-0.9967439770698547,0.07996200025081635,0,0.018751999363303185,0.14293700456619263,-0.0017750000115484,1,0.9596080183982849,0.16994400322437286,0.22421100735664368,0,-0.14720900356769562,-0.3758389949798584,0.9149180054664612,0,0.23975199460983276,-0.9109690189361572,-0.3356409966945648,0,-0.001702000037766993,0.03558500111103058,0,1,0.9718449711799622,0.1002890020608902,0.21321099996566772,0,-0.16870500147342682,-0.3355239927768707,0.9268019795417786,0,0.16448499262332916,-0.9366779923439026,-0.30915799736976624,0,0.0009889999637380242,0.03653400018811226,0,1,0.9979519844055176,0.06230299919843674,0.01448499970138073,0,-0.013561000116169453,-0.015235000289976597,0.9997919797897339,0,0.06250999867916107,-0.9979410171508789,-0.014359000138938427,0,-0.01773500069975853,0.14327099919319153,-0.006347000133246183,1,0.9473900198936462,0.2156209945678711,0.23655599355697632,0,-0.18984700739383698,-0.21648700535297394,0.9576489925384521,0,0.25769999623298645,-0.9521769881248474,-0.16416199505329132,0,-0.0013810000382363796,0.03184900060296059,0,1,0.9530500173568726,0.15546999871730804,0.2598550021648407,0,-0.21731799840927124,-0.2464350014925003,0.9444800019264221,0,0.210876002907753,-0.95660799741745,-0.20107799768447876,0,0.00047500000800937414,0.029610000550746918,0,1,0.9937729835510254,0.0713609978556633,-0.08557300269603729,0,0.08980300277471542,-0.05833499878644943,0.9942499995231628,0,0.06595899909734726,-0.9957429766654968,-0.06437999755144119,0,-0.04580499976873398,0.12299499660730362,-0.00072900002123788,1,0.9429730176925659,0.22998900711536407,0.24063900113105774,0,-0.200764000415802,-0.18367800116539001,0.9622660279273987,0,0.2655099928379059,-0.9557030200958252,-0.12703000009059906,0,-0.001567999948747456,0.024880999699234962,0,1,0.9472410082817078,0.08949899673461914,0.30777299404144287,0,-0.20578500628471375,-0.5663650035858154,0.7980489730834961,0,0.2457370012998581,-0.8192800283432007,-0.5180670022964478,0,0.0007489999989047647,0.022631999105215073,0,1,-0.9545180201530457,-0.22878499329090118,0.19118599593639374,0,0.25448599457740784,-0.9592700004577637,0.12262800335884094,0,0.15534399449825287,0.16570499539375305,0.9738640189170837,0,0.09794300049543381,-0.06040799990296364,0.011908999644219875,1,0.9868249893188477,0.04368399828672409,0.15578000247478485,0,0.0466650016605854,0.845084011554718,-0.5325930118560791,0,-0.15491299331188202,0.5328459739685059,0.8319119811058044,0,0,0.4777100086212158,0,1,0.945626974105835,0.020230000838637352,0.3246220052242279,0,-0.2170809954404831,0.7824919819831848,0.5835949778556824,0,-0.24220800399780273,-0.6223329901695251,0.7443370223045349,0,0,0.41556599736213684,0,1,0.8995479941368103,-0.010747999884188175,0.4366909861564636,0,-0.265174001455307,0.7809860110282898,0.5654590129852295,0,-0.3471269905567169,-0.624455988407135,0.6996840238571167,0,0,0.23739400506019592,0,1,-0.8025389909744263,0.3884570002555847,-0.45280399918556213,0,-0.4236440062522888,-0.9054579734802246,-0.025929000228643417,0,-0.42006799578666687,0.17101800441741943,0.8912330269813538,0,-0.09794300049543381,-0.06040799990296364,0.010657000355422497,1,0.98888099193573,-0.0350399985909462,-0.14452099800109863,0,-0.02651200070977211,0.9147329926490784,-0.40318700671195984,0,0.1463260054588318,0.402536004781723,0.9036340117454529,0,0,0.47771701216697693,0,1,0.9295049905776978,-0.2999480068683624,-0.21459800004959106,0,0.359840989112854,0.8651099801063538,0.3494260013103485,0,0.08084099739789963,-0.40201500058174133,0.9120579957962036,0,0,0.4149419963359833,0,1,0.9128119945526123,-0.02554900012910366,-0.40758100152015686,0,0.2522619962692261,0.8201389908790588,0.5135530233383179,0,0.321152001619339,-0.5715939998626709,0.7550770044326782,0,0,0.23873400688171387,0,1
K0.033,0.9999489784240723,-0.0035870082210749388,0.009473000653088093,0,-0.009478000923991203,-0.0014500044053420424,0.9999539852142334,0,-0.003574008122086525,-0.9999930262565613,-0.0014840045478194952,0,0.0030819885432720184,1.020766019821167,0.2828576862812042,1,0.998740017414093,-0.018135974183678627,-0.046782009303569794,0,0.010954972356557846,0.9887130260467529,-0.14941799640655518,0,0.0489640049636364,0.148717001080513,0.9876670241355896,0,0,0.10899599641561508,-0.00203399988822639,1,0.9999459981918335,-0.0032309943344444036,-0.00984600093215704,0,0.002972994465380907,0.99965500831604,-0.026114000007510185,0,0.009927000850439072,0.026083000004291534,0.9996100068092346,0,0,0.12718400359153748,0,1,0.9999459981918335,-0.003202994354069233,-0.00993300136178732,0,0.0029429944697767496,0.99965500831604,-0.02608400024473667,0,0.010013001039624214,0.02605300024151802,0.9996100068092346,0,0,0.14535300433635712,0,1,0.9983770251274109,-0.05559306591749191,0.012352993711829185,0,0.05681006237864494,0.9571009874343872,-0.2841320037841797,0,0.003973026759922504,0.2843729853630066,0.9587060213088989,0,0,0.16352200508117676,0,1,0.9875069856643677,0.1517530232667923,0.04244699329137802,0,-0.13506104052066803,0.9538750052452087,-0.26810601353645325,0,-0.08117499947547913,0.2590230107307434,0.9624540209770203,0,0,0.04902400076389313,0.01296200044453144,1,0.034161992371082306,0.009169996716082096,-0.9993739724159241,0,0.9227269887924194,-0.3844360411167145,0.02801499515771866,0,-0.3839380443096161,-0.9231060147285461,-0.02159399352967739,0,0.07461100071668625,0.13738399744033813,-0.000965000013820827,1,0.9881160259246826,0.02095407247543335,-0.1522739678621292,0,0.08989592641592026,0.724793016910553,0.6830770373344421,0,0.12468001991510391,-0.688647985458374,0.7142959833145142,0,0,0.16720600426197052,0,1,0.9975370168685913,0.0694800317287445,0.009664000011980534,0,-0.06948903203010559,0.9975829720497131,0.000641000282485038,0,-0.009596000425517559,-0.0013110005529597402,0.9999529719352722,0,0,0.23836000263690948,0,1,0.9935140013694763,-0.11049296706914902,-0.026840053498744965,0,0.113071970641613,0.9849500060081482,0.13072094321250916,0,0.011992063373327255,-0.1329079419374466,0.9910560250282288,0,0,0.25811898708343506,0,1,0.9678500294685364,0.25141599774360657,-0.007513000164180994,0,-0.22345800697803497,0.873166024684906,0.4331830143928528,0,0.11546900123357773,-0.41757699847221375,0.9012749791145325,0,-0.020540999248623848,0.04834600165486336,0.025644000619649887,1,0.8533430099487305,-0.4336189925670624,0.28944700956344604,0,0.3975380063056946,0.9003829956054688,0.17684400081634521,0,-0.3372960090637207,-0.03584200143814087,0.940716028213501,0,-0.007488999981433153,0.046160001307725906,0,1,0.5895599722862244,-0.7629320025444031,0.2652440071105957,0,0.8066669702529907,0.5393319725990295,-0.24167999625205994,0,0.04133100062608719,0.3564479947090149,0.9333999752998352,0,0.0005489999894052744,0.040824998170137405,0,1,0.9894189834594727,-0.05326300114393234,-0.1349550038576126,0,0.14061099290847778,0.12280499935150146,0.9824190139770508,0,-0.035753000527620316,-0.9910010099411011,0.12899500131607056,0,-0.04424599930644035,0.1472180038690567,0.00017299999308306724,1,0.9584850072860718,-0.1699810028076172,-0.2289389967918396,0,0.11941500008106232,-0.4898050129413605,0.8636149764060974,0,-0.25893399119377136,-0.8551009893417358,-0.4491730034351349,0,0.000914999982342124,0.03385800123214722,0,1,0.9568700194358826,-0.15117000043392181,-0.24808800220489502,0,0.19031600654125214,-0.3190250098705292,0.9284409880638123,0,-0.21949900686740875,-0.9356120228767395,-0.2764959931373596,0,0.0002629999944474548,0.03216300159692764,0,1,0.9926210045814514,-0.0717099979519844,-0.09778200089931488,0,0.10486000031232834,0.10268600285053253,0.989171028137207,0,-0.06089299917221069,-0.9921259880065918,0.10944800078868866,0,-0.01765199936926365,0.15358099341392517,-0.005472999997437,1,0.9454230070114136,-0.20136700570583344,-0.2561759948730469,0,0.16737499833106995,-0.37442898750305176,0.9120240211486816,0,-0.2795720100402832,-0.9051269888877869,-0.3202899992465973,0,0.0014700000174343586,0.036077000200748444,0,1,0.9502109885215759,-0.14705899357795715,-0.27472400665283203,0,0.21200400590896606,-0.3410390019416809,0.9158310294151306,0,-0.2283719927072525,-0.928475022315979,-0.2928819954395294,0,-0.0003819999983534217,0.03215499967336655,0,1,0.9974200129508972,-0.06374900043010712,-0.03301599994301796,0,0.036364998668432236,0.05210300162434578,0.9979789853096008,0,-0.061900001019239426,-0.9966049790382385,0.05428700149059296,0,0.01547900028526783,0.1349409967660904,-0.0054870001040399075,1,0.9496300220489502,-0.20521099865436554,-0.2368369996547699,0,0.16405799984931946,-0.3183610141277313,0.9336649775505066,0,-0.2669979929924011,-0.9254909753799438,-0.26865899562835693,0,0.0018189999973401427,0.035353001207113266,0,1,0.9545930027961731,-0.14764399826526642,-0.2587539851665497,0,0.21726499497890472,-0.24925099313259125,0.9437530040740967,0,-0.20383399724960327,-0.9571179747581482,-0.20585499703884125,0,-0.0003870000073220581,0.03255999833345413,0,1,0.9948530197143555,-0.10132600367069244,-0.0011269999668002129,0,-0.0014299999456852674,-0.025162000209093094,0.9996820092201233,0,-0.1013220027089119,-0.9945350289344788,-0.02517700009047985,0,0.04642000049352646,0.1258080005645752,-0.0026579999830573797,1,0.9434959888458252,-0.17219600081443787,-0.2831310033798218,0,0.2513040006160736,-0.18514099717140198,0.9500359892845154,0,-0.21601200103759766,-0.9675080180168152,-0.1314069926738739,0,0.001353000057861209,0.026142999529838562,0,1,0.9409570097923279,-0.1025099977850914,-0.32263100147247314,0,0.21366000175476074,-0.5594059824943542,0.8008829951286316,0,-0.262580007314682,-0.82253098487854,-0.5044749975204468,0,-0.0010969999711960554,0.02173599973320961,0,1,-0.3448330760002136,0.005852062255144119,0.9386459589004517,0,-0.8622779846191406,-0.397103875875473,-0.31430208683013916,0,0.37090086936950684,-0.9177550673484802,0.1419810652732849,0,-0.07461100071668625,0.13736599683761597,-0.000011000000085914508,1,0.9243980646133423,0.1935768723487854,-0.32865896821022034,0,0.08975208550691605,0.7270680069923401,0.6806740164756775,0,0.37071987986564636,-0.6587110757827759,0.6547260284423828,0,0,0.16720600426197052,0,1,0.9999589920043945,0,-0.00902200024574995,0,0,1,0,0,0.00902200024574995,0,0.9999589920043945,0,0,0.23839199542999268,0,1,0.9288859963417053,0.1055559515953064,0.3550040125846863,0,-0.22560492157936096,0.9214330315589905,0.31632891297340393,0,-0.2937220335006714,-0.3739238977432251,0.8797210454940796,0,0,0.25738200545310974,0,1,0.9519829750061035,-0.29597800970077515,-0.07826799899339676,0,0.2929840087890625,0.8065969944000244,0.5133829712867737,0,-0.08882000297307968,-0.511663019657135,0.8545830249786377,0,0.02006700076162815,0.048082999885082245,0.024203000590205193,1,0.8587740063667297,0.50621497631073,0.07907799631357193,0,-0.5106279850006104,0.8582829833030701,0.05108100175857544,0,-0.04201300069689751,-0.08424600213766098,0.9955589771270752,0,0.004424999933689833,0.04574599862098694,0,1,0.5147160291671753,0.8507660031318665,-0.10613200068473816,0,-0.8514350056648254,0.5217559933662415,0.05319000035524368,0,0.10062699764966965,0.06298699975013733,0.9929280281066895,0,-0.0018530000234022737,0.04073699936270714,0,1,0.9866989850997925,0.03272999823093414,0.15922799706459045,0,-0.16182400286197662,0.10481499880552292,0.98123699426651,0,0.015426999889314175,-0.9939529895782471,0.10871700197458267,0,0.044787999242544174,0.1549219936132431,-0.0005419999943114817,1,0.9603440165519714,0.16436000168323517,0.22522400319576263,0,-0.1186710000038147,-0.490011990070343,0.8636000156402588,0,0.25230398774147034,-0.8560810089111328,-0.4510749876499176,0,-0.000830999983008951,0.031470999121665955,0,1,0.9588140249252319,0.14527399837970734,0.24407300353050232,0,-0.1882379949092865,-0.31849899888038635,0.9290450215339661,0,0.21270300447940826,-0.9367250204086304,-0.2780350148677826,0,-0.0002479999966453761,0.029234999790787697,0,1,0.9959359765052795,0.017461000010371208,0.08835200220346451,0,-0.08946099877357483,0.07872000336647034,0.9928749799728394,0,0.010381000116467476,-0.9967439770698547,0.07996200025081635,0,0.018751999363303185,0.14293700456619263,-0.0017750000115484,1,0.9596089720726013,0.16994300484657288,0.22421100735664368,0,-0.14720900356769562,-0.3758389949798584,0.9149180054664612,0,0.23975099623203278,-0.9109690189361572,-0.3356409966945648,0,-0.001702000037766993,0.03558500111103058,0,1,0.9718449711799622,0.1002890020608902,0.21321099996566772,0,-0.16870500147342682,-0.3355239927768707,0.9268019795417786,0,0.16448499262332916,-0.9366779923439026,-0.3091590106487274,0,0.0009889999637380242,0.03653400018811226,0,1,0.9979519844055176,0.06230299919843674,0.01448499970138073,0,-0.013561000116169453,-0.015235000289976597,0.9997919797897339,0,0.06251099705696106,-0.9979410171508789,-0.014359000138938427,0,-0.01773500069975853,0.14327099919319153,-0.006347000133246183,1,0.9473900198936462,0.2156209945678711,0.23655599355697632,0,-0.18984700739383698,-0.21648700535297394,0.9576489925384521,0,0.25770100951194763,-0.9521769881248474,-0.16416199505329132,0,-0.0013810000382363796,0.03184900060296059,0,1,0.9530500173568726,0.15546999871730804,0.2598550021648407,0,-0.21731799840927124,-0.2464350014925003,0.9444800019264221,0,0.210875004529953,-0.95660799741745,-0.20107799768447876,0,0.00047500000800937414,0.029610000550746918,0,1,0.9937729835510254,0.0713609978556633,-0.08557300269603729,0,0.08980300277471542,-0.05833499878644943,0.9942499995231628,0,0.06595899909734726,-0.9957429766654968,-0.06437999755144119,0,-0.04580499976873398,0.12299499660730362,-0.00072900002123788,1,0.9429730176925659,0.2299879938364029,0.24063900113105774,0,-0.200764000415802,-0.18367800116539001,0.9622660279273987,0,0.2655099928379059,-0.9557030200958252,-0.12703000009059906,0,-0.001567999948747456,0.024880999699234962,0,1,0.9472410082817078,0.08949899673461914,0.30777299404144287,0,-0.20578500628471375,-0.5663650035858154,0.7980489730834961,0,0.2457370012998581,-0.8192800283432007,-0.5180670022964478,0,0.0007489999989047647,0.022631999105215073,0,1,-0.9546740055084229,-0.2283490002155304,0.19092799723148346,0,0.2532249987125397,-0.9602130055427551,0.117763951420784,0,0.15644101798534393,0.16077394783496857,0.9745140075683594,0,0.09794300049543381,-0.06040799990296364,0.011908999644219875,1,0.9868050217628479,0.042918991297483444,0.15612000226974487,0,0.04696200415492058,0.8469079732894897,-0.5296619534492493,0,-0.15495100617408752,0.5300049185752869,0.8337169885635376,0,0,0.4777100086212158,0,1,0.9459480047225952,0.01992199756205082,0.3237060010433197,0,-0.21576598286628723,0.7838339805603027,0.5822799801826477,0,-0.24213099479675293,-0.6206510066986084,0.745764970779419,0,0,0.41556599736213684,0,1,0.8994839787483215,-0.010912999510765076,0.4368169903755188,0,-0.26523199677467346,0.7808150053024292,0.5656669735908508,0,-0.347245991230011,-0.6246669888496399,0.6994370222091675,0,0,0.23739400506019592,0,1,-0.8010079860687256,0.38860398530960083,-0.4553830325603485,0,-0.4229300022125244,-0.9057000279426575,-0.02896103449165821,0,-0.42369502782821655,0.16939698159694672,0.8898239731788635,0,-0.09794300049543381,-0.06040799990296364,0.010657000355422497,1,0.9887130260467529,-0.035012003034353256,-0.145672008395195,0,-0.026642002165317535,0.9157249927520752,-0.40092095732688904,0,0.14743301272392273,0.40027695894241333,0.9044569730758667,0,0,0.47771701216697693,0,1,0.9296330213546753,-0.3004150092601776,-0.21338501572608948,0,0.3596220016479492,0.8659229874610901,0.3476329743862152,0,0.08034002780914307,-0.39990895986557007,0.9130269885063171,0,0,0.4149419963359833,0,1,0.9127920269966125,-0.025494001805782318,-0.40762901306152344,0,0.25227901339530945,0.8200849890708923,0.5136299729347229,0,0.3211959898471832,-0.5716739892959595,0.7549980282783508,0,0,0.23873400688171387,0,1
