1.567,30,47,65
B0,mixamorig_Hips,-1,0.9686552286148071,0.22790372371673584,-0.09881986677646637,0,0.060637932270765305,0.16884569823741913,0.9837755560874939,0,0.24089133739471436,-0.9589318633079529,0.14973333477973938,0,0.0171734057366848,1.7015633583068848,-0.0999080166220665,1
B1,mixamorig_Spine,0,0.9997606873512268,-0.005900711286813021,0.021042220294475555,0,0.006895667873322964,0.9988458752632141,-0.047514840960502625,0,-0.020737841725349426,0.04764777421951294,0.9986479878425598,0,0,0.10899599641561508,-0.00203399988822639,1
B2,mixamorig_Spine1,1,0.999418318271637,-0.012697044759988785,0.03165837377309799,0,0.012850009836256504,0.9999064207077026,-0.004620831459760666,0,-0.03159613907337189,0.005025629419833422,0.9994878768920898,0,0,0.12718400359153748,0,1
B3,mixamorig_Spine2,2,0.999424159526825,-0.013881749473512173,0.03096754476428032,0,0.014030715450644493,0.9998908042907715,-0.0046073016710579395,0,-0.03089956007897854,0.005038763862103224,0.9995095133781433,0,0,0.14535300433635712,0,1
B4,mixamorig_Neck,3,0.9942401647567749,-0.10137099772691727,0.034638434648513794,0,0.10714582353830338,0.938515841960907,-0.32775649428367615,0,0.0006752455956302583,0.3295801281929016,0.9439778327941895,0,0,0.16352200508117676,0,1
B5,mixamorig_Head,4,0.9619645476341248,-0.04505492374300957,0.2692505419254303,0,0.051640890538692474,0.9984956979751587,-0.017499461770057678,0,-0.26807501912117004,0.030783191323280334,0.9628654718399048,0,0,0.04902400076389313,0.01296200044453144,1
B6,mixamorig_HeadTop_End,5,1,0,0,0,0,1,0,0,0,0,1,0,0,0.26876300573349,0.07106400281190872,1
B7,mixamorig_LeftShoulder,3,0.4461107850074768,0.00940969493240118,-0.8949229121208191,0,0.798397421836853,-0.4560055434703827,0.3931957185268402,0,-0.40438738465309143,-0.8899222016334534,-0.2109503448009491,0,0.07461100071668625,0.13738399744033813,-0.000965000013820827,1
B8,mixamorig_LeftArm,7,0.6467201113700867,0.1989244520664215,0.7358395457267761,0,0.4082661271095276,0.7241566777229309,-0.5547186136245728,0,-0.6433268785476685,0.6596641540527344,0.38788560032844543,0,0,0.16720600426197052,0,1
B9,mixamorig_LeftForeArm,8,0.7853742837905884,0.6188996434211731,0.01162389200180769,0,-0.6189838647842407,0.7853730916976929,0.0057166563346982,0,-0.005590796936303377,-0.011684732511639595,0.9999159574508667,0,0,0.23836000263690948,0,1
B10,mixamorig_LeftHand,9,0.6406228542327881,-0.41481053829193115,0.6461255550384521,0,0.6111257672309875,0.7848973274230957,-0.10201214253902435,0,-0.464830219745636,0.4602457284927368,0.7563702464103699,0,0,0.25811898708343506,0,1
B11,mixamorig_LeftHandThumb1,10,0.8524389266967773,0.5227450132369995,0.009316000156104565,0,-0.4917930066585541,0.7956640124320984,0.3536370098590851,0,0.17744991183280945,-0.30603501200675964,0.9353360533714294,0,-0.020540999248623848,0.04834600165486336,0.025644000619649887,1
B12,mixamorig_LeftHandThumb2,11,0.98546302318573,0.1468529999256134,-0.0854170024394989,0,-0.14744600653648376,0.9890699982643127,-0.0006440000142902136,0,0.08438808470964432,0.013229000382125378,0.9963449835777283,0,-0.007488999981433153,0.046160001307725906,0,1
B13,mixamorig_LeftHandThumb3,12,0.9979299902915955,0.006808999925851822,0.06394299864768982,0,0.0005249999812804163,0.9934819936752319,-0.11398791521787643,0,-0.064301997423172,0.11378499865531921,0.9914219975471497,0,0.0005489999894052744,0.040824998170137405,0,1
B14,mixamorig_LeftHandThumb4,13,1,0,0,0,0,1,0,0,0,0,1,0,0.006938999984413385,0.028999999165534973,0,1
B15,mixamorig_LeftHandIndex1,10,0.945268988609314,0.3261680006980896,0.008957000449299812,0,-0.32628899812698364,0.9448239803314209,0.029020000249147415,0,0.0010019999463111162,-0.030355000868439674,0.9995390176773071,0,-0.04424599930644035,0.1472180038690567,0.00017299999308306724,1
B16,mixamorig_LeftHandIndex2,15,0.9982799887657166,-0.0584460012614727,-0.004509999882429838,0,0.05769491568207741,0.9659879803657532,0.2520699203014374,0,-0.010375999845564365,-0.2518959939479828,0.9676989912986755,0,0.000914999982342124,0.03385800123214722,0,1
B17,mixamorig_LeftHandIndex3,16,0.9978669881820679,-0.06528100371360779,-0.0006000000284984708,0,0.06510999798774719,0.9944859743118286,0.08220700174570084,0,-0.004769999999552965,-0.08207008242607117,0.9966149926185608,0,0.0002629999944474548,0.03216300159692764,0,1
B18,mixamorig_LeftHandIndex4,17,1,0,0,0,0,1,0,0,0,0,1,0,-0.0011780000058934093,0.028209999203681946,0,1
B19,mixamorig_LeftHandMiddle1,10,0.9908130168914795,0.13172291219234467,0.03065500035881996,0,-0.13411200046539307,0.9862030148506165,0.0970430001616478,0,-0.017449000850319862,-0.10026200115680695,0.99480801820755,0,-0.01765199936926365,0.15358099341392517,-0.005472999997437,1
B20,mixamorig_LeftHandMiddle2,19,0.9970499873161316,-0.07635899633169174,-0.007788999937474728,0,0.0767349973320961,0.9893079996109009,0.12402299791574478,0,-0.001765000051818788,-0.12425500154495239,0.9922490119934082,0,0.0014700000174343586,0.036077000200748444,0,1
B21,mixamorig_LeftHandMiddle3,20,0.9983230233192444,-0.05774899944663048,-0.003951000049710274,0,0.05765099823474884,0.9858499765396118,0.15740199387073517,0,-0.005193999968469143,-0.15736599266529083,0.9875270128250122,0,-0.0003819999983534217,0.03215499967336655,0,1
B22,mixamorig_LeftHandMiddle4,21,1,0,0,0,0,1,0,0,0,0,1,0,-0.001088000019080937,0.026607999578118324,0,1
B23,mixamorig_LeftHandRing1,10,0.999538004398346,-0.030237000435590744,0.003065084107220173,0,0.029678000137209892,0.9928150177001953,0.11591900140047073,0,-0.006548083852976561,-0.1157739982008934,0.9932540059089661,0,0.01547900028526783,0.1349409967660904,-0.0054870001040399075,1
B24,mixamorig_LeftHandRing2,23,0.9965559840202332,-0.08222299814224243,-0.01071999967098236,0,0.08290799707174301,0.9901729822158813,0.11262091994285583,0,0.0013549999566748738,-0.11312191933393478,0.9935799837112427,0,0.0018189999973401427,0.035353001207113266,0,1
B25,mixamorig_LeftHandRing3,24,0.9991369843482971,-0.04050108417868614,0.009180000051856041,0,0.04049808531999588,0.9991790056228638,0.00048508401960134506,0,-0.009192000143229961,-0.00011300000187475234,0.9999579787254333,0,-0.0003870000073220581,0.03255999833345413,0,1
B26,mixamorig_LeftHandRing4,25,1,0,0,0,0,1,0,0,0,0,1,0,-0.0014319999609142542,0.026468999683856964,0,1
B27,mixamorig_LeftHandPinky1,10,0.9525409936904907,-0.3043470084667206,-0.006142000202089548,0,0.30381691455841064,0.9492330551147461,0.08155591785907745,0,-0.018990999087691307,-0.07955099642276764,0.996649980545044,0,0.04642000049352646,0.1258080005645752,-0.0026579999830573797,1
B28,mixamorig_LeftHandPinky2,27,0.996703028678894,-0.07910999655723572,-0.01803700067102909,0,0.0811299979686737,0.968159019947052,0.23682400584220886,0,-0.001272000023163855,-0.23750700056552887,0.9713850021362305,0,0.001353000057861209,0.026142999529838562,0,1
B29,mixamorig_LeftHandPinky3,28,0.9998260140419006,0.015588915906846523,-0.010227000340819359,0,-0.014712915755808353,0.9966239929199219,0.08077207952737808,0,0.011451000347733498,-0.08060800284147263,0.9966800212860107,0,-0.0010969999711960554,0.02173599973320961,0,1
B30,mixamorig_LeftHandPinky4,29,1,0,0,0,0,1,0,0,0,0,1,0,-0.00025499999173916876,0.0157919991761446,0,1
B31,mixamorig_RightShoulder,3,-0.0029130103066563606,-0.00015671887376811355,0.9999749660491943,0,-0.9915477633476257,-0.12953081727027893,-0.0029149469919502735,0,0.12952065467834473,-0.9915696382522583,0.00020324872457422316,0,-0.07461100071668625,0.13736599683761597,-0.000011000000085914508,1
B32,mixamorig_RightArm,31,0.7208040356636047,0.19448043406009674,-0.6648337841033936,0,-0.3678308427333832,0.9204028844833374,-0.1294051855802536,0,0.586758017539978,0.33808648586273193,0.7356137037277222,0,0,0.16720600426197052,0,1
B33,mixamorig_RightForeArm,32,0.7087829113006592,-0.7050849795341492,-0.009879065677523613,0,0.7051326632499695,0.70880126953125,0.0020752260461449623,0,0.005537575110793114,-0.008436230942606926,0.9999491572380066,0,0,0.23839199542999268,0,1
B34,mixamorig_RightHand,33,0.525652289390564,0.342542827129364,-0.7786191701889038,0,-0.6826537251472473,0.715958833694458,-0.14588898420333862,0,0.5075527429580688,0.6082653403282166,0.6102466583251953,0,0,0.25738200545310974,0,1
B35,mixamorig_RightHandThumb1,34,0.8935509920120239,-0.4405589997768402,-0.08646008372306824,0,0.43758198618888855,0.8115149736404419,0.387253999710083,0,-0.100443996489048,-0.38386499881744385,0.9179099798202515,0,0.02006700076162815,0.048082999885082245,0.024203000590205193,1
B36,mixamorig_RightHandThumb2,35,0.9908879995346069,-0.13419991731643677,-0.011463000439107418,0,0.13452599942684174,0.9902799725532532,0.035339001566171646,0,0.006609915755689144,-0.03655900061130524,0.9993100166320801,0,0.004424999933689833,0.04574599862098694,0,1
B37,mixamorig_RightHandThumb3,36,0.981768012046814,-0.1895260065793991,-0.01457200013101101,0,0.18936699628829956,0.9818369746208191,-0.011642999947071075,0,0.016513999551534653,0.00867099966853857,0.9998260140419006,0,-0.0018530000234022737,0.04073699936270714,0,1
B38,mixamorig_RightHandThumb4,37,1,0,0,0,0,1,0,0,0,0,1,0,-0.0025730000343173742,0.029347000643610954,0,1
B39,mixamorig_RightHandIndex1,34,0.8996649980545044,-0.43631500005722046,-0.015219000168144703,0,0.43658000230789185,0.8991400003433228,0.03074200078845024,0,0.00027099999715574086,-0.0343019999563694,0.9994109869003296,0,0.044787999242544174,0.1549219936132431,-0.0005419999943114817,1
B40,mixamorig_RightHandIndex2,39,0.9992219805717468,0.03939099982380867,0.0017330000409856439,0,-0.039278000593185425,0.9905670285224915,0.13127808272838593,0,0.0034539999905973673,-0.13124409317970276,0.9913439750671387,0,-0.000830999983008951,0.031470999121665955,0,1
B41,mixamorig_RightHandIndex3,40,0.9983599781990051,0.05722900107502937,-0.001749000046402216,0,-0.0570949986577034,0.9973840117454529,0.044332001358270645,0,0.004280999768525362,-0.044158998876810074,0.9990149736404419,0,-0.0002479999966453761,0.029234999790787697,0,1
B42,mixamorig_RightHandIndex4,41,1,0,0,0,0,1,0,0,0,0,1,0,0.0010789999505504966,0.025373000651597977,0,1
B43,mixamorig_RightHandMiddle1,34,0.9742010235786438,-0.2256699949502945,-0.0024659999180585146,0,0.22567300498485565,0.9742029905319214,0.0010560000082477927,0,0.0021639999467879534,-0.0015849999617785215,0.9999960064888,0,0.018751999363303185,0.14293700456619263,-0.0017750000115484,1
B44,mixamorig_RightHandMiddle2,43,0.9953920245170593,0.09535100311040878,0.010153000243008137,0,-0.09582599997520447,0.9852510094642639,0.1417669951915741,0,0.0035149999894201756,-0.14208699762821198,0.9898480176925659,0,-0.001702000037766993,0.03558500111103058,0,1
B45,mixamorig_RightHandMiddle3,44,0.9997349381446838,0.02175999991595745,0.007579000201076269,0,-0.02274000085890293,0.9847880005836487,0.17226700484752655,0,-0.0037150001153349876,-0.1723940074443817,0.9850209951400757,0,0.0009889999637380242,0.03653400018811226,0,1
B46,mixamorig_RightHandMiddle4,45,1,0,0,0,0,1,0,0,0,0,1,0,0.0007130000158213079,0.02843100018799305,0,1
B47,mixamorig_RightHandRing1,34,0.9993969798088074,-0.011099999770522118,-0.032905999571084976,0,0.013008000329136848,0.9982110261917114,0.058354999870061874,0,0.03220000118017197,-0.058747999370098114,0.9977530241012573,0,-0.01773500069975853,0.14327099919319153,-0.006347000133246183,1
B48,mixamorig_RightHandRing2,47,0.9951180219650269,0.09779100120067596,0.013271000236272812,0,-0.09844599664211273,0.9742689728736877,0.2027530074119568,0,0.006897000130265951,-0.2030699998140335,0.9791399836540222,0,-0.0013810000382363796,0.03184900060296059,0,1
B49,mixamorig_RightHandRing3,48,0.9992030262947083,0.03604400157928467,-0.017145000398159027,0,-0.03480091318488121,0.9970790147781372,0.06799499690532684,0,0.01954600028693676,-0.06734400242567062,0.9975379705429077,0,0.00047500000800937414,0.029610000550746918,0,1
B50,mixamorig_RightHandRing4,49,1,0,0,0,0,1,0,0,0,0,1,0,0.0009059999720193446,0.02285899966955185,0,1
B51,mixamorig_RightHandPinky1,34,0.9756739735603333,0.21768200397491455,0.025961000472307205,0,-0.21908700466156006,0.9640039801597595,0.15065300464630127,0,0.0077680000104010105,-0.15267600119113922,0.9882460236549377,0,-0.04580499976873398,0.12299499660730362,-0.00072900002123788,1
B52,mixamorig_RightHandPinky2,51,0.9913740158081055,0.12979799509048462,0.018155915662646294,0,-0.13081400096416473,0.9714609980583191,0.19786809384822845,0,0.008045083843171597,-0.19853700697422028,0.9800599813461304,0,-0.001567999948747456,0.024880999699234962,0,1
B53,mixamorig_RightHandPinky3,52,0.9999020099639893,0.013949999585747719,0.0014939999673515558,0,-0.013949084095656872,0.9999030232429504,-0.00006791596388211474,0,-0.0014949999749660492,0.0000470000013592653,0.9999989867210388,0,0.0007489999989047647,0.022631999105215073,0,1
B54,mixamorig_RightHandPinky4,53,1,0,0,0,0,1,0,0,0,0,1,0,0.0008190000080503523,0.017829999327659607,0,1
B55,mixamorig_LeftUpLeg,0,-0.822364330291748,-0.5619466304779053,0.08724991977214813,0,0.5390045046806335,-0.8189878463745117,-0.19443124532699585,0,0.18113577365875244,-0.11265049874782562,0.9766740798950195,0,0.09794300049543381,-0.06040799990296364,0.011908999644219875,1
B56,mixamorig_LeftLeg,55,0.9866535067558289,0.08680739253759384,0.13775311410427094,0,0.03519580140709877,0.7121495604515076,-0.7009634971618652,0,-0.1589774191379547,0.6964575052261353,0.6995864510536194,0,0,0.4777100086212158,0,1
B57,mixamorig_LeftFoot,56,0.9214680194854736,0.25834885239601135,0.2888277769088745,0,-0.30420830845832825,0.944012463092804,0.12444207072257996,0,-0.2410377413034439,-0.20235392451286316,0.9486661553382874,0,0,0.41556599736213684,0,1
B58,mixamorig_LeftToeBase,57,0.9082724452018738,0.012295160442590714,0.418195903301239,0,-0.2573400139808655,0.8045353889465332,0.5352527499198914,0,-0.32987332344055176,-0.5937735438346863,0.7339011430740356,0,0,0.23739400506019592,0,1
B59,mixamorig_LeftToe_End,58,1,0,0,0,0,1,0,0,0,0,1,0,0,0.0837239995598793,0,1
B60,mixamorig_RightUpLeg,0,-0.8758960962295532,0.4125736355781555,-0.24986448884010315,0,-0.250710666179657,-0.8319365382194519,-0.4947570264339447,0,-0.4121548533439636,-0.3707019090652466,0.8322367072105408,0,-0.09794300049543381,-0.06040799990296364,0.010657000355422497,1
B61,mixamorig_RightLeg,60,0.9911175966262817,0.0026325706858187914,0.13293932378292084,0,0.06310466676950455,0.8707630038261414,-0.4875779449939728,0,-0.11704681813716888,0.4916343092918396,0.8628630638122559,0,0,0.47771701216697693,0,1
B62,mixamorig_RightFoot,61,0.9788731336593628,-0.1807287186384201,-0.09442681819200516,0,0.18016266822814941,0.9834290146827698,-0.012351960875093937,0,0.09503006935119629,-0.004830412566661835,0.9952501654624939,0,0,0.4149419963359833,0,1
B63,mixamorig_RightToeBase,62,0.9154009222984314,-0.03259694576263428,-0.40122073888778687,0,0.25007131695747375,0.8271051049232483,0.5033493041992188,0,0.31544387340545654,-0.5611005425453186,0.7652841210365295,0,0,0.23873400688171387,0,1
B64,mixamorig_RightToe_End,63,1,0,0,0,0,1,0,0,0,0,1,0,0,0.08404400199651718,0,1
@52,0,1,2,3,4,5,7,8,9,10,11,12,13,15,16,17,19,20,21,23,24,25,27,28,29,31,32,33,34,35,36,37,39,40,41,43,44,45,47,48,49,51,52,53,55,56,57,58,60,61,62,63
K0.000,0.9712769985198975,0.21859900653362274,-0.0939980000257492,0,0.05890100076794624,0.1618639975786209,0.9850540161132812,0,0.2305469959974289,-0.9622960090637207,0.14433899521827698,0,0.007079999893903732,1.9293190240859985,-0.09536000341176987,1,0.9998329877853394,-0.010715000331401825,0.014804000034928322,0,0.01130099967122078,0.9991300106048584,-0.040132999420166016,0,-0.014360999688506126,0.040293000638484955,0.999085009098053,0,0,0.10899599641561508,-0.00203399988822639,1,0.999517023563385,-0.010785999707877636,0.029154999181628227,0,0.010861000046133995,0.9999380111694336,-0.002440999960526824,0,-0.029126999899744987,0.002756000030785799,0.9995719790458679,0,0,0.12718400359153748,0,1,0.9995200037956238,-0.011629000306129456,0.028703000396490097,0,0.01170200016349554,0.9999290108680725,-0.0023900000378489494,0,-0.028673000633716583,0.002724000019952655,0.999584972858429,0,0,0.14535300433635712,0,1,0.9926270246505737,-0.11816000193357468,0.027005000039935112,0,0.12119100242853165,0.9639179706573486,-0.23701199889183044,0,0.0019749999046325684,0.23853799700737,0.9711310267448425,0,0,0.16352200508117676,0,1,0.973950982093811,-0.009583000093698502,0.22655700147151947,0,0.01951099932193756,0.9989429712295532,-0.04162000119686127,0,-0.2259179949760437,0.0449570007622242,0.9731079936027527,0,0,0.04902400076389313,0.01296200044453144,1,0.42487001419067383,0.013321000151336193,-0.9051560163497925,0,0.8164160251617432,-0.43761199712753296,0.3767760097980499,0,-0.39108800888061523,-0.8990650177001953,-0.1968040019273758,0,0.07461100071668625,0.13738399744033813,-0.000965000013820827,1,0.577970027923584,0.06423699855804443,0.8135259747505188,0,0.6032919883728027,0.6376789808273315,-0.4789609909057617,0,-0.5495359897613525,0.7676190137863159,0.32980599999427795,0,0,0.16720600426197052,0,1,0.7695549726486206,0.6384729743003845,0.011769999749958515,0,-0.6385589838027954,0.7695500254631042,0.005896999966353178,0,-0.0052919997833669186,-0.012054000049829483,0.9999129772186279,0,0,0.23836000263690948,0,1,0.675059974193573,-0.3804920017719269,0.6320760250091553,0,0.5746830105781555,0.8084449768066406,-0.12710300087928772,0,-0.4626370072364807,0.44904598593711853,0.7644109725952148,0,0,0.25811898708343506,0,1,0.8524389863014221,0.5227439999580383,0.009316000156104565,0,-0.4917930066585541,0.7956640124320984,0.3536370098590851,0,0.1774500012397766,-0.30603501200675964,0.9353359937667847,0,-0.020540999248623848,0.04834600165486336,0.025644000619649887,1,0.98546302318573,0.1468529999256134,-0.0854170024394989,0,-0.14744600653648376,0.9890699982643127,-0.0006440000142902136,0,0.08438900113105774,0.013229000382125378,0.9963449835777283,0,-0.007488999981433153,0.046160001307725906,0,1,0.9979299902915955,0.006808999925851822,0.06394299864768982,0,0.0005249999812804163,0.9934819936752319,-0.11398699879646301,0,-0.064301997423172,0.11378499865531921,0.9914219975471497,0,0.0005489999894052744,0.040824998170137405,0,1,0.945268988609314,0.3261680006980896,0.008957000449299812,0,-0.32628899812698364,0.9448239803314209,0.029020000249147415,0,0.0010019999463111162,-0.030355000868439674,0.9995390176773071,0,-0.04424599930644035,0.1472180038690567,0.00017299999308306724,1,0.9982799887657166,-0.0584460012614727,-0.004509999882429838,0,0.057693999260663986,0.9659879803657532,0.25206899642944336,0,-0.010375999845564365,-0.2518959939479828,0.9676989912986755,0,0.000914999982342124,0.03385800123214722,0,1,0.9978669881820679,-0.06528100371360779,-0.0006000000284984708,0,0.06510999798774719,0.9944859743118286,0.08220700174570084,0,-0.004769999999552965,-0.08207099884748459,0.9966149926185608,0,0.0002629999944474548,0.03216300159692764,0,1,0.9908120036125183,0.13172300159931183,0.03065500035881996,0,-0.13411200046539307,0.9862030148506165,0.0970430001616478,0,-0.017449000850319862,-0.10026200115680695,0.99480801820755,0,-0.01765199936926365,0.15358099341392517,-0.005472999997437,1,0.9970499873161316,-0.07635899633169174,-0.007788999937474728,0,0.0767349973320961,0.9893079996109009,0.12402399629354477,0,-0.001765000051818788,-0.12425500154495239,0.9922490119934082,0,0.0014700000174343586,0.036077000200748444,0,1,0.9983230233192444,-0.05774899944663048,-0.003951000049710274,0,0.05764999985694885,0.9858499765396118,0.15740199387073517,0,-0.005193999968469143,-0.15736499428749084,0.9875270128250122,0,-0.0003819999983534217,0.03215499967336655,0,1,0.999538004398346,-0.030237000435590744,0.003065000055357814,0,0.029678000137209892,0.9928150177001953,0.11591900140047073,0,-0.006548999808728695,-0.1157739982008934,0.9932540059089661,0,0.01547900028526783,0.1349409967660904,-0.0054870001040399075,1,0.9965559840202332,-0.08222299814224243,-0.01071999967098236,0,0.08290799707174301,0.9901729822158813,0.11262000352144241,0,0.0013549999566748738,-0.11312100291252136,0.9935799837112427,0,0.0018189999973401427,0.035353001207113266,0,1,0.9991369843482971,-0.04050099849700928,0.009180000051856041,0,0.0404990017414093,0.9991790056228638,0.00048600000445730984,0,-0.009192000143229961,-0.00011300000187475234,0.9999579787254333,0,-0.0003870000073220581,0.03255999833345413,0,1,0.9525409936904907,-0.3043470084667206,-0.006142000202089548,0,0.3038159906864166,0.9492340087890625,0.08155599981546402,0,-0.018990999087691307,-0.07955099642276764,0.996649980545044,0,0.04642000049352646,0.1258080005645752,-0.0026579999830573797,1,0.996703028678894,-0.07910999655723572,-0.01803700067102909,0,0.0811299979686737,0.968159019947052,0.23682400584220886,0,-0.001272000023163855,-0.23750700056552887,0.9713850021362305,0,0.001353000057861209,0.026142999529838562,0,1,0.9998260140419006,0.015588000416755676,-0.010227000340819359,0,-0.014712000265717506,0.9966239929199219,0.0807730033993721,0,0.011451000347733498,-0.08060800284147263,0.9966800212860107,0,-0.0010969999711960554,0.02173599973320961,0,1,-0.04693499952554703,0.00876300036907196,0.9988600015640259,0,-0.9936259984970093,-0.10301200300455093,-0.045784998685121536,0,0.1024940013885498,-0.9946410059928894,0.013542000204324722,0,-0.07461100071668625,0.13736599683761597,-0.000011000000085914508,1,0.6587870121002197,0.26562899351119995,-0.7038760185241699,0,-0.4896099865436554,0.8617309927940369,-0.1330460011959076,0,0.5712109804153442,0.4322740137577057,0.6977519989013672,0,0,0.16720600426197052,0,1,0.8574720025062561,-0.5144439935684204,-0.009441000409424305,0,0.5144789814949036,0.8575019836425781,0.0015140000032261014,0,0.007317000068724155,-0.006155999843031168,0.9999539852142334,0,0,0.23839199542999268,0,1,0.5807089805603027,0.23625099658966064,-0.7790780067443848,0,-0.6024129986763,0.7683990001678467,-0.21601399779319763,0,0.5476089715957642,0.5947679877281189,0.5885369777679443,0,0,0.25738200545310974,0,1,0.8935499787330627,-0.4405589997768402,-0.08646100014448166,0,0.43758299946784973,0.8115140199661255,0.387253999710083,0,-0.100443996489048,-0.38386499881744385,0.9179099798202515,0,0.02006700076162815,0.048082999885082245,0.024203000590205193,1,0.9908879995346069,-0.13420000672340393,-0.011463000439107418,0,0.13452599942684174,0.9902799725532532,0.03533799946308136,0,0.006610000040382147,-0.03655900061130524,0.9993100166320801,0,0.004424999933689833,0.04574599862098694,0,1,0.981768012046814,-0.1895260065793991,-0.01457200013101101,0,0.18936699628829956,0.9818369746208191,-0.011642999947071075,0,0.016513999551534653,0.00867099966853857,0.9998260140419006,0,-0.0018530000234022737,0.04073699936270714,0,1,0.8996649980545044,-0.43631500005722046,-0.015219000168144703,0,0.43658000230789185,0.8991400003433228,0.03074200078845024,0,0.00027099999715574086,-0.0343019999563694,0.9994109869003296,0,0.044787999242544174,0.1549219936132431,-0.0005419999943114817,1,0.9992219805717468,0.03939099982380867,0.0017330000409856439,0,-0.03927699849009514,0.9905670285224915,0.13127799332141876,0,0.0034539999905973673,-0.1312440037727356,0.9913439750671387,0,-0.000830999983008951,0.031470999121665955,0,1,0.9983599781990051,0.05722900107502937,-0.0017480000387877226,0,-0.057096000760793686,0.9973840117454529,0.044332001358270645,0,0.004280999768525362,-0.044158998876810074,0.9990149736404419,0,-0.0002479999966453761,0.029234999790787697,0,1,0.9742010235786438,-0.2256699949502945,-0.0024659999180585146,0,0.22567300498485565,0.9742019772529602,0.0010560000082477927,0,0.0021639999467879534,-0.0015849999617785215,0.9999960064888,0,0.018751999363303185,0.14293700456619263,-0.0017750000115484,1,0.9953920245170593,0.09535100311040878,0.010153000243008137,0,-0.09582599997520447,0.9852510094642639,0.1417669951915741,0,0.0035149999894201756,-0.14208699762821198,0.9898480176925659,0,-0.001702000037766993,0.03558500111103058,0,1,0.9997339844703674,0.02175999991595745,0.007579000201076269,0,-0.02274000085890293,0.9847880005836487,0.17226700484752655,0,-0.0037150001153349876,-0.1723940074443817,0.9850209951400757,0,0.0009889999637380242,0.03653400018811226,0,1,0.9993969798088074,-0.011099999770522118,-0.032905999571084976,0,0.013008000329136848,0.9982110261917114,0.058354999870061874,0,0.03220000118017197,-0.058747999370098114,0.9977530241012573,0,-0.01773500069975853,0.14327099919319153,-0.006347000133246183,1,0.9951189756393433,0.09779100120067596,0.013271000236272812,0,-0.09844599664211273,0.9742689728736877,0.2027530074119568,0,0.006897999905049801,-0.2030699998140335,0.9791399836540222,0,-0.0013810000382363796,0.03184900060296059,0,1,0.9992030262947083,0.03604400157928467,-0.017145000398159027,0,-0.03480000048875809,0.9970790147781372,0.06799499690532684,0,0.01954600028693676,-0.06734400242567062,0.9975379705429077,0,0.00047500000800937414,0.029610000550746918,0,1,0.9756739735603333,0.21768200397491455,0.025961000472307205,0,-0.21908700466156006,0.9640039801597595,0.15065300464630127,0,0.0077680000104010105,-0.15267600119113922,0.9882460236549377,0,-0.04580499976873398,0.12299499660730362,-0.00072900002123788,1,0.9913740158081055,0.12979799509048462,0.01815599948167801,0,-0.13081400096416473,0.9714609980583191,0.19786900281906128,0,0.008046000264585018,-0.19853700697422028,0.9800599813461304,0,-0.001567999948747456,0.024880999699234962,0,1,0.9999020099639893,0.013949999585747719,0.0014939999673515558,0,-0.013949999585747719,0.9999030232429504,-0.0000670000008540228,0,-0.0014949999749660492,0.0000470000013592653,0.9999989867210388,0,0.0007489999989047647,0.022631999105215073,0,1,-0.7597020268440247,-0.6468160152435303,0.06695099920034409,0,0.6003680229187012,-0.7372279763221741,-0.30992600321769714,0,0.24982300400733948,-0.19525599479675293,0.9484000205993652,0,0.09794300049543381,-0.06040799990296364,0.011908999644219875,1,0.9881560206413269,0.08190900087356567,0.12976300716400146,0,0.024356000125408173,0.7511889934539795,-0.6596369743347168,0,-0.15150600671768188,0.6549850106239319,0.7402970194816589,0,0,0.4777100086212158,0,1,0.9178889989852905,0.33692699670791626,0.20966699719429016,0,-0.33694401383399963,0.9408069849014282,-0.036757998168468475,0,-0.2096409946680069,-0.03690600022673607,0.9770820140838623,0,0,0.41556599736213684,0,1,0.9054250121116638,0.00472299987450242,0.42447900772094727,0,-0.2598640024662018,0.7968549728393555,0.5454300045967102,0,-0.335671991109848,-0.6041529774665833,0.7227200269699097,0,0,0.23739400506019592,0,1,-0.8509269952774048,0.48105499148368835,-0.21097199618816376,0,-0.3267950117588043,-0.7992579936981201,-0.5043730139732361,0,-0.4112519919872284,-0.36024001240730286,0.8373159766197205,0,-0.09794300049543381,-0.06040799990296364,0.010657000355422497,1,0.9901000261306763,0.037452999502420425,0.1352739930152893,0,0.05190100148320198,0.7977539896965027,-0.6007459759712219,0,-0.13041499257087708,0.6018189787864685,0.7879120111465454,0,0,0.47771701216697693,0,1,0.9713690280914307,-0.11104200035333633,-0.21002599596977234,0,0.09921299666166306,0.9928699731826782,-0.06607700139284134,0,0.21586599946022034,0.04334799945354462,0.9754599928855896,0,0,0.4149419963359833,0,1,0.9158409833908081,-0.03379800170660019,-0.40011700987815857,0,0.24970300495624542,0.8282870054244995,0.5015869736671448,0,0.3144589960575104,-0.559283971786499,0.7670180201530457,0,0,0.23873400688171387,0,1
K0.033,0.9694640040397644,0.22484903037548065,-0.09789200872182846,0,0.059580009430646896,0.1712619662284851,0.9834219813346863,0,0.23788702487945557,-0.9592249989509583,0.15263597667217255,0,0.013058044947683811,1.8147528171539307,-0.09712903201580048,1,0.9997900128364563,-0.007793979719281197,0.01895202323794365,0,0.00862498115748167,0.998986005783081,-0.04417803883552551,0,-0.018589023500680923,0.04433203861117363,0.9988440275192261,0,0,0.10899599641561508,-0.00203399988822639,1,0.9994760155677795,-0.011891008354723454,0.030093016102910042,0,0.012000009417533875,0.999921977519989,-0.003431013086810708,0,-0.030050016939640045,0.0037900134921073914,0.9995409846305847,0,0,0.12718400359153748,0,1,0.9994810223579407,-0.01290901005268097,0.02951301634311676,0,0.013014011085033417,0.9999099969863892,-0.0033790133893489838,0,-0.029467014595866203,0.0037610139697790146,0.9995589852333069,0,0,0.14535300433635712,0,1,0.9933369755744934,-0.11129988729953766,0.029913052916526794,0,0.11523091048002243,0.9544697999954224,-0.2751525640487671,0,0.0020729845855385065,0.2767655551433563,0.9609348177909851,0,0,0.16352200508117676,0,1,0.9698729515075684,-0.029196172952651978,0.24185629189014435,0,0.03756915405392647,0.9988409876823425,-0.030081862583756447,0,-0.24069729447364807,0.03826191648840904,0.9698459506034851,0,0,0.04902400076389313,0.01296200044453144,1,0.43686607480049133,0.011280979961156845,-0.8994559645652771,0,0.8065989017486572,-0.4475320875644684,0.38615208864212036,0,-0.3981790542602539,-0.8941969275474548,-0.20461107790470123,0,0.07461100071668625,0.13738399744033813,-0.000965000013820827,1,0.6158773303031921,0.1269637942314148,0.7775444984436035,0,0.5098998546600342,0.6881104111671448,-0.5162414312362671,0,-0.6005804538726807,0.7144113779067993,0.3590533137321472,0,0,0.16720600426197052,0,1,0.7772030830383301,0.6291408538818359,0.01169899944216013,0,-0.6292268633842468,0.7772000432014465,0.005810998845845461,0,-0.0054360018111765385,-0.011877997778356075,0.9999150037765503,0,0,0.23836000263690948,0,1,0.6584738492965698,-0.3998521566390991,0.6375980973243713,0,0.592769205570221,0.7975438833236694,-0.1120188906788826,0,-0.46372100710868835,0.4517090916633606,0.7621819376945496,0,0,0.25811898708343506,0,1,0.8524379730224609,0.5227450132369995,0.009316000156104565,0,-0.4917930066585541,0.7956640124320984,0.3536370098590851,0,0.17744900286197662,-0.30603501200675964,0.9353370070457458,0,-0.020540999248623848,0.04834600165486336,0.025644000619649887,1,0.98546302318573,0.1468529999256134,-0.0854170024394989,0,-0.14744600653648376,0.9890699982643127,-0.0006440000142902136,0,0.08438900113105774,0.013229000382125378,0.9963449835777283,0,-0.007488999981433153,0.046160001307725906,0,1,0.9979299902915955,0.006808999925851822,0.06394299864768982,0,0.0005249999812804163,0.9934819936752319,-0.11398699879646301,0,-0.064301997423172,0.11378499865531921,0.9914219975471497,0,0.0005489999894052744,0.040824998170137405,0,1,0.945268988609314,0.3261680006980896,0.008957000449299812,0,-0.32628899812698364,0.9448239803314209,0.029020000249147415,0,0.0010019999463111162,-0.030355000868439674,0.9995390176773071,0,-0.04424599930644035,0.1472180038690567,0.00017299999308306724,1,0.9982799887657166,-0.0584460012614727,-0.004509999882429838,0,0.057693999260663986,0.9659879803657532,0.25206899642944336,0,-0.010375999845564365,-0.2518959939479828,0.9676989912986755,0,0.000914999982342124,0.03385800123214722,0,1,0.9978669881820679,-0.06528100371360779,-0.0006000000284984708,0,0.06510999798774719,0.9944859743118286,0.08220700174570084,0,-0.004769999999552965,-0.08207099884748459,0.9966149926185608,0,0.0002629999944474548,0.03216300159692764,0,1,0.9908130168914795,0.13172200322151184,0.03065500035881996,0,-0.13411200046539307,0.9862030148506165,0.0970430001616478,0,-0.017449000850319862,-0.10026200115680695,0.99480801820755,0,-0.01765199936926365,0.15358099341392517,-0.005472999997437,1,0.9970499873161316,-0.07635899633169174,-0.007788999937474728,0,0.0767349973320961,0.9893079996109009,0.12402299791574478,0,-0.001765000051818788,-0.12425500154495239,0.9922490119934082,0,0.0014700000174343586,0.036077000200748444,0,1,0.9983230233192444,-0.05774899944663048,-0.003951000049710274,0,0.05765099823474884,0.9858499765396118,0.15740199387073517,0,-0.005193999968469143,-0.15736599266529083,0.9875270128250122,0,-0.0003819999983534217,0.03215499967336655,0,1,0.999538004398346,-0.030237000435590744,0.003066000062972307,0,0.029678000137209892,0.9928150177001953,0.11591900140047073,0,-0.006548999808728695,-0.1157739982008934,0.9932540059089661,0,0.01547900028526783,0.1349409967660904,-0.0054870001040399075,1,0.9965559840202332,-0.08222299814224243,-0.01071999967098236,0,0.08290799707174301,0.9901729822158813,0.11262000352144241,0,0.0013549999566748738,-0.11312100291252136,0.9935799837112427,0,0.0018189999973401427,0.035353001207113266,0,1,0.9991369843482971,-0.040502000600099564,0.009180000051856041,0,0.0404990017414093,0.9991790056228638,0.00048600000445730984,0,-0.009192000143229961,-0.00011300000187475234,0.9999579787254333,0,-0.0003870000073220581,0.03255999833345413,0,1,0.9525409936904907,-0.3043470084667206,-0.006142000202089548,0,0.3038159906864166,0.9492340087890625,0.08155500143766403,0,-0.018990999087691307,-0.07955099642276764,0.996649980545044,0,0.04642000049352646,0.1258080005645752,-0.0026579999830573797,1,0.996703028678894,-0.07910999655723572,-0.01803700067102909,0,0.0811299979686737,0.968159019947052,0.23682400584220886,0,-0.001272000023163855,-0.23750700056552887,0.9713850021362305,0,0.001353000057861209,0.026142999529838562,0,1,0.9998260140419006,0.015588000416755676,-0.010227000340819359,0,-0.014712000265717506,0.9966239929199219,0.0807730033993721,0,0.011451000347733498,-0.08060800284147263,0.9966800212860107,0,-0.0010969999711960554,0.02173599973320961,0,1,-0.023653773590922356,0.0037699572276324034,0.9997130036354065,0,-0.992559015750885,-0.11956711113452911,-0.023033780977129936,0,0.11944611370563507,-0.9928190112113953,0.00657093059271574,0,-0.07461100071668625,0.13736599683761597,-0.000011000000085914508,1,0.6760864853858948,0.25818932056427,-0.690105676651001,0,-0.45324409008026123,0.8841634392738342,-0.11324417591094971,0,0.5809270739555359,0.38934943079948425,0.7147942185401917,0,0,0.16720600426197052,0,1,0.7530205249786377,-0.657925546169281,-0.009749001823365688,0,0.6579695343971252,0.7530425190925598,0.0019360014703124762,0,0.006066994275897741,-0.007872006855905056,0.9999510049819946,0,0,0.23839199542999268,0,1,0.5453277826309204,0.31466129422187805,-0.7769209742546082,0,-0.6652342081069946,0.7263758778572083,-0.17274370789527893,0,0.5099809765815735,0.6110369563102722,0.6054370403289795,0,0,0.25738200545310974,0,1,0.8935509920120239,-0.4405589997768402,-0.08646100014448166,0,0.43758198618888855,0.8115149736404419,0.387253999710083,0,-0.100443996489048,-0.38386499881744385,0.9179099798202515,0,0.02006700076162815,0.048082999885082245,0.024203000590205193,1,0.9908879995346069,-0.13419899344444275,-0.011463000439107418,0,0.13452599942684174,0.9902799725532532,0.035339001566171646,0,0.00660899979993701,-0.03655900061130524,0.9993100166320801,0,0.004424999933689833,0.04574599862098694,0,1,0.981768012046814,-0.1895260065793991,-0.01457200013101101,0,0.18936699628829956,0.9818369746208191,-0.011642999947071075,0,0.016513999551534653,0.00867099966853857,0.9998260140419006,0,-0.0018530000234022737,0.04073699936270714,0,1,0.8996649980545044,-0.43631500005722046,-0.015219000168144703,0,0.43658000230789185,0.8991400003433228,0.03074200078845024,0,0.00027099999715574086,-0.0343019999563694,0.9994109869003296,0,0.044787999242544174,0.1549219936132431,-0.0005419999943114817,1,0.9992219805717468,0.03939099982380867,0.0017330000409856439,0,-0.039278000593185425,0.9905670285224915,0.13127900660037994,0,0.0034539999905973673,-0.13124500215053558,0.9913439750671387,0,-0.000830999983008951,0.031470999121665955,0,1,0.9983599781990051,0.05722900107502937,-0.001749000046402216,0,-0.0570949986577034,0.9973840117454529,0.044332001358270645,0,0.004280999768525362,-0.044158998876810074,0.9990149736404419,0,-0.0002479999966453761,0.029234999790787697,0,1,0.9742010235786438,-0.2256699949502945,-0.0024659999180585146,0,0.22567300498485565,0.9742029905319214,0.0010560000082477927,0,0.0021639999467879534,-0.0015849999617785215,0.9999960064888,0,0.018751999363303185,0.14293700456619263,-0.0017750000115484,1,0.9953920245170593,0.09535100311040878,0.010153000243008137,0,-0.09582599997520447,0.9852510094642639,0.1417669951915741,0,0.0035149999894201756,-0.14208699762821198,0.9898480176925659,0,-0.001702000037766993,0.03558500111103058,0,1,0.9997339844703674,0.02175999991595745,0.007579000201076269,0,-0.02274000085890293,0.9847880005836487,0.17226700484752655,0,-0.0037150001153349876,-0.1723940074443817,0.9850209951400757,0,0.0009889999637380242,0.03653400018811226,0,1,0.9993969798088074,-0.011099999770522118,-0.032905999571084976,0,0.013008000329136848,0.9982110261917114,0.058354999870061874,0,0.03220000118017197,-0.058747999370098114,0.9977530241012573,0,-0.01773500069975853,0.14327099919319153,-0.006347000133246183,1,0.9951180219650269,0.09779100120067596,0.013271000236272812,0,-0.09844599664211273,0.9742689728736877,0.2027530074119568,0,0.006897000130265951,-0.2030699998140335,0.9791399836540222,0,-0.0013810000382363796,0.03184900060296059,0,1,0.9992030262947083,0.03604400157928467,-0.017145000398159027,0,-0.03480000048875809,0.9970790147781372,0.06799499690532684,0,0.01954600028693676,-0.06734400242567062,0.9975379705429077,0,0.00047500000800937414,0.029610000550746918,0,1,0.9756739735603333,0.21768200397491455,0.025961000472307205,0,-0.21908700466156006,0.9640039801597595,0.15065300464630127,0,0.0077680000104010105,-0.15267600119113922,0.9882460236549377,0,-0.04580499976873398,0.12299499660730362,-0.00072900002123788,1,0.9913740158081055,0.12979799509048462,0.018154999241232872,0,-0.13081400096416473,0.9714609980583191,0.19786900281906128,0,0.008046000264585018,-0.19853700697422028,0.9800599813461304,0,-0.001567999948747456,0.024880999699234962,0,1,0.9999020099639893,0.013949999585747719,0.0014939999673515558,0,-0.013949999585747719,0.9999030232429504,-0.00006700000812998042,0,-0.0014949999749660492,0.0000470000013592653,0.9999989867210388,0,0.0007489999989047647,0.022631999105215073,0,1,-0.7894963622093201,-0.6092544794082642,0.07419214397668839,0,0.5703006386756897,-0.7728945016860962,-0.27819207310676575,0,0.22683249413967133,-0.17731930315494537,0.95765620470047,0,0.09794300049543381,-0.06040799990296364,0.011908999644219875,1,0.9859830141067505,0.08451202511787415,0.143857941031456,0,0.03256702795624733,0.7481545805931091,-0.6627244353294373,0,-0.1636359542608261,0.6581203937530518,0.7349156141281128,0,0,0.4777100086212158,0,1,0.9195169806480408,0.3216373026371002,0.22591668367385864,0,-0.33798763155937195,0.940432071685791,0.03677195683121681,0,-0.20063245296478271,-0.11017000675201416,0.9734516739845276,0,0,0.41556599736213684,0,1,0.9070129990577698,0.008940036408603191,0.421006977558136,0,-0.25845199823379517,0.8011390566825867,0.539794921875,0,-0.332459956407547,-0.598410964012146,0.7289550304412842,0,0,0.23739400506019592,0,1,-0.862709105014801,0.44837260246276855,-0.23387017846107483,0,-0.2733767628669739,-0.8025692701339722,-0.5302335619926453,0,-0.42543885111808777,-0.39350175857543945,0.8149581551551819,0,-0.09794300049543381,-0.06040799990296364,0.010657000355422497,1,0.9903069734573364,0.008229938335716724,0.1386539340019226,0,0.06417998671531677,0.8581741452217102,-0.5093317627906799,0,-0.12318093329668045,0.5132937431335449,0.8493271470069885,0,0,0.47771701216697693,0,1,0.9763889908790588,-0.16352719068527222,-0.14114849269390106,0,0.15651924908161163,0.9858819842338562,-0.059478484094142914,0,0.1488824188709259,0.03598155453801155,0.9882000684738159,0,0,0.4149419963359833,0,1,0.9160869717597961,-0.03447098284959793,-0.39949601888656616,0,0.24949699640274048,0.8289480209350586,0.5005950331687927,0,0.3139060437679291,-0.558262050151825,0.7679889798164368,0,0,0.23873400688171387,0,1
